10 102 60
9 1431 1432
9 1030 1316
10 1102 1116
4 1640 1641
8 1615 1617
10 1652 1658
6 1354 1407
8 1617 1619
10 1141 1158
6 1643 1644
1 1135 1214
7 1635 1636
8 1033 1034
8 1619 1620
6 1626 1628
2 1322 1323
2 1326 1332
8 1028 1029
5 1641 1650
7 1657 1658
1 1615 1616
6 1656 1657
6 1655 1656
5 1651 1652
10 1121 1129
7 1653 1654
7 1640 1653
5 1659 1700
10 1224 1243
5 1636 1638
10 1459 1504
7 1617 1629
9 1453 1454
9 0917 1030
8 1658 1700
5 1614 1618
4 1646 1657
8 1034 1038
6 1407 1412
4 1637 1640
8 1630 1632
2 1011 1309
8 1038 1201
3 1654 1659
3 1624 1632
2 1309 1322
5 1633 1634
5 1652 1657
9 1448 1450
6 0908 1053
7 1636 1640
4 1636 1637
10 1129 1141
7 1654 1655
10 1636 1637
8 1242 1300
4 1642 1644
6 1628 1629
6 1621 1622
3 1650 1652
10 1158 1224
8 1324 1449
8 1001 1019
7 1655 1657
2 1323 1326
8 1240 1242
5 1638 1641
5 1635 1636
4 1644 1645
4 1641 1642
1 1214 1215
6 1629 1630
10 1638 1644
4 1645 1646
10 1637 1638
5 1632 1633
5 1658 1659
5 1630 1632
6 1618 1621
8 1029 1033
1 1657 1658
3 1649 1650
8 1019 1025
9 1432 1448
3 1038 1138
6 1654 1655
9 1316 1408
8 1632 1634
4 1635 1636
10 1312 1445
8 1201 1240
3 1648 1649
10 1243 1246
2 1332 1334
1 1621 1625
3 1652 1654
2 1334 1442
8 1634 1635
3 1228 1455
10 1644 1649
4 1616 1635
8 1025 1028
