10 103 60
1 1635 1637
7 1626 1628
10 0954 1049
9 1137 1202
2 1622 1638
4 1652 1655
9 0945 1016
6 1415 1421
6 1414 1415
6 1454 1509
8 1127 1130
5 1037 1051
6 1429 1439
7 1538 1556
10 0909 0910
6 1224 1249
2 1524 1527
7 1640 1642
9 1117 1119
10 0924 0926
6 1443 1444
3 1635 1638
1 0908 0915
5 1051 1053
6 1447 1450
10 0937 0940
1 1033 1322
2 1638 1640
6 1510 1554
1 0902 0903
6 1554 1556
7 1604 1611
8 1130 1131
6 1425 1429
4 1417 1442
2 1533 1536
7 1647 1648
5 0910 0944
8 1149 1150
10 0933 0937
9 1129 1131
4 1442 1524
2 1640 1641
3 0900 0901
9 1114 1115
4 1524 1526
4 1526 1651
10 1347 1522
7 1526 1527
6 1337 1414
9 1349 1357
2 1401 1458
1 0903 0908
4 1223 1238
8 1148 1149
9 1115 1116
6 1043 1218
8 1137 1140
4 1651 1652
4 1238 1244
10 1049 1305
7 1648 1653
2 1458 1459
9 1207 1349
3 1638 1639
4 1244 1417
9 1119 1128
2 1536 1537
9 1359 1555
7 1430 1526
6 1249 1250
7 1527 1528
9 1038 1044
7 1653 1654
10 0913 0914
9 1116 1117
2 1551 1605
9 1357 1359
1 1637 1645
4 1655 1700
2 1537 1551
10 0930 0933
8 1135 1137
2 0900 1401
1 1645 1650
8 1131 1134
3 1620 1635
6 1509 1510
10 1522 1523
5 1253 1348
7 1639 1640
8 1134 1135
5 1053 1054
2 1606 1612
8 1140 1148
7 1632 1639
7 1628 1632
9 1101 1114
10 1305 1347
9 1128 1129
6 1439 1443
2 1612 1622
1 1423 1452
