5000
570 626 511 632
444 697 624 992
885 335 846 449
432 673 219 385
243 92 973 308
386 841 512 286
247 85 995 582
887 272 824 382
655 938 561 803
676 517 462 522
794 399 682 404
215 343 871 119
549 154 267 85
645 136 77 33
996 741 500 815
406 12 25 137
526 304 149 172
643 446 871 591
834 487 144 7
159 285 20 393
923 527 937 796
234 794 930 542
584 731 69 416
242 524 212 750
204 646 578 742
428 620 640 584
66 502 315 740
143 779 793 585
157 927 490 547
183 749 678 192
483 788 944 574
679 467 739 148
414 672 965 866
115 75 771 324
61 75 391 182
363 630 88 976
525 352 30 554
657 281 125 911
308 894 853 929
888 899 198 625
436 441 311 894
923 718 146 814
421 921 930 240
700 408 672 600
237 683 628 882
43 953 223 381
223 329 991 864
781 233 327 285
458 28 566 733
602 752 506 524
690 864 17 559
515 118 646 910
697 139 789 144
891 310 726 389
343 163 947 367
791 10 370 335
617 326 12 588
735 247 272 46
919 615 9 152
834 980 344 347
636 101 475 134
388 742 187 806
274 716 116 270
291 377 551 385
548 833 744 897
59 871 825 224
493 538 59 147
187 881 702 837
381 518 539 51
545 901 390 719
352 584 935 443
448 840 975 383
250 771 498 820
673 248 63 69
153 969 438 948
479 611 922 796
238 509 921 171
538 609 672 255
40 60 639 69
882 788 175 492
601 841 734 720
33 344 575 612
235 343 963 436
740 624 188 576
935 349 225 686
26 532 286 589
619 126 755 55
988 688 883 328
176 698 870 830
578 763 335 969
462 264 526 626
295 519 219 421
178 66 772 674
412 307 485 517
297 622 809 481
776 742 692 716
548 55 769 971
935 733 897 131
730 737 574 729
150 995 992 530
264 679 97 248
213 285 306 245
791 622 992 273
119 913 369 998
789 805 259 491
36 716 417 284
117 152 202 728
959 975 347 901
249 365 240 943
371 231 644 858
402 979 972 151
228 384 186 205
395 175 572 64
976 517 234 765
768 757 640 792
828 108 309 993
284 325 425 667
512 338 610 826
622 682 418 37
242 725 405 329
200 811 408 18
433 472 786 494
917 726 237 759
792 611 534 710
462 558 668 60
43 587 513 851
843 523 234 878
509 382 294 203
292 430 182 309
832 217 567 464
193 877 900 891
433 619 187 658
965 778 208 237
257 868 550 100
488 214 584 264
745 755 81 278
854 197 457 402
427 278 7 908
102 893 577 912
462 124 538 933
620 575 554 301
868 502 861 619
379 975 573 280
131 273 246 648
471 483 325 864
915 741 760 305
513 128 515 711
92 669 284 705
669 682 770 177
970 962 456 926
66 805 574 646
594 862 102 143
914 890 514 980
129 578 960 406
484 96 791 80
23 32 322 442
941 785 887 909
34 290 449 991
132 8 732 808
266 602 982 476
552 40 72 827
527 307 806 201
477 197 211 248
575 356 658 392
835 334 152 309
557 278 339 118
588 191 207 480
419 322 870 62
888 682 519 487
76 761 216 447
89 859 509 539
148 839 542 563
709 193 902 687
165 41 628 308
228 679 37 375
732 729 906 491
169 554 282 342
706 653 986 662
684 43 640 702
857 104 963 765
123 390 661 477
175 977 10 919
780 562 116 17
202 21 473 780
196 224 707 25
44 4 898 534
290 393 37 790
45 242 380 822
151 218 637 195
868 406 74 167
781 888 503 721
476 51 779 992
170 152 598 201
981 5 177 771
868 763 809 260
918 29 817 225
811 226 826 937
844 993 924 394
50 506 329 489
149 174 948 358
17 84 89 782
205 235 920 699
88 272 155 559
979 357 239 367
321 834 408 769
221 30 870 966
317 874 313 633
83 145 423 117
746 544 320 42
30 134 165 151
240 602 292 965
835 636 495 229
729 346 305 852
801 473 52 241
35 820 607 650
745 548 759 766
199 373 18 939
61 205 991 677
706 582 333 553
336 424 471 43
638 8 619 217
139 814 586 745
339 507 712 447
520 794 906 356
19 290 817 296
595 642 15 101
400 809 629 260
996 321 223 6
604 549 864 725
542 554 445 109
126 366 258 926
947 319 10 822
997 729 796 979
53 467 253 67
229 800 343 297
444 844 677 567
517 969 542 609
189 431 286 39
189 389 721 72
269 145 622 646
60 448 590 869
706 671 370 49
468 244 296 894
10 929 210 875
975 355 910 274
969 136 720 614
692 483 205 55
146 913 870 977
72 916 742 506
409 450 857 435
993 472 514 112
280 750 92 881
592 910 949 904
592 721 477 408
292 989 221 192
125 816 523 757
360 220 582 187
439 996 260 445
766 771 346 984
593 2 187 19
687 105 96 980
125 159 768 307
248 199 87 644
379 896 226 298
844 166 400 669
508 697 955 211
436 968 176 958
290 15 795 98
588 873 452 125
128 615 270 637
415 332 817 473
885 595 146 766
428 83 551 27
697 819 168 709
824 474 578 183
322 220 372 377
241 18 206 467
682 549 858 428
115 425 117 280
409 441 101 891
187 116 392 996
152 637 936 102
196 581 605 668
0 537 624 557
576 256 141 493
153 509 527 582
711 720 145 312
940 264 260 276
229 487 819 852
7 865 41 651
470 562 532 27
309 334 873 6
547 310 745 872
116 911 962 181
936 115 406 122
656 8 175 156
14 632 281 867
899 648 460 177
515 370 140 834
284 261 937 231
633 438 951 572
437 71 977 250
860 766 662 305
7 82 526 737
9 541 570 251
981 816 482 610
562 894 300 111
596 336 50 875
629 499 28 263
585 848 432 21
198 190 606 654
68 652 870 177
308 446 390 69
390 371 827 684
621 688 666 239
710 607 315 546
386 531 608 921
988 666 231 412
649 335 104 525
575 935 387 456
7 900 311 307
729 444 852 626
737 244 927 567
124 560 526 883
527 536 958 846
360 494 594 207
282 514 90 195
884 900 618 938
752 347 646 858
325 671 960 463
315 323 667 366
344 0 357 397
783 719 409 801
995 850 743 7
692 499 910 368
805 385 910 759
180 178 214 580
712 640 729 833
541 589 102 931
463 375 22 435
624 398 211 577
872 699 328 763
865 61 864 662
625 170 136 608
501 685 206 123
552 972 531 768
547 184 400 763
406 309 657 971
251 553 677 304
533 960 68 832
553 738 893 509
597 388 22 65
131 228 926 970
162 16 432 332
856 889 235 392
684 195 236 258
758 402 278 57
830 923 462 741
658 186 229 208
534 272 957 579
543 4 179 717
483 247 126 419
218 504 339 354
518 274 890 771
626 766 37 663
442 331 303 67
419 614 634 665
688 730 264 158
374 731 869 113
861 745 181 818
730 30 113 602
770 403 635 329
300 40 387 907
998 212 419 449
849 285 262 344
915 545 245 654
30 193 349 319
335 530 854 687
918 57 473 308
848 546 104 973
291 399 290 940
827 392 86 683
800 44 623 735
317 780 697 569
873 359 157 206
644 50 868 649
471 213 494 147
824 272 875 822
515 681 780 555
626 122 908 204
928 374 833 660
44 626 944 636
967 917 45 722
470 468 257 720
159 181 311 880
825 480 129 337
778 697 821 273
715 855 287 68
512 643 182 683
11 796 361 318
855 491 491 46
862 558 207 459
637 779 238 741
796 789 865 94
938 759 33 638
957 31 226 445
689 23 16 419
536 823 736 10
963 17 94 414
18 328 882 969
346 933 195 90
565 302 575 642
283 812 25 861
970 574 517 861
470 416 479 268
161 626 459 592
257 462 594 420
964 594 413 646
835 123 292 750
27 153 915 587
24 124 380 351
37 82 314 20
681 443 586 972
617 576 464 960
680 79 729 930
519 913 164 805
417 383 468 230
69 788 79 59
282 263 297 383
219 354 179 709
882 789 859 107
46 447 260 638
82 64 157 712
13 874 755 727
116 154 59 322
223 388 585 848
728 655 294 172
677 69 100 396
469 961 939 633
849 843 88 56
885 436 824 870
71 314 41 116
477 970 276 447
622 237 242 773
616 222 80 748
278 688 256 817
678 583 521 103
101 829 635 40
870 863 299 254
996 45 279 414
26 0 156 824
53 363 129 269
970 444 320 167
38 390 953 309
132 237 458 441
703 580 954 285
937 283 193 711
661 159 657 468
662 824 266 796
538 335 608 333
669 334 151 543
456 795 525 95
155 463 100 904
66 651 827 431
223 429 515 984
714 924 88 395
564 137 61 273
855 573 176 776
657 554 138 457
101 782 951 22
647 702 541 807
720 896 962 814
21 527 124 712
42 831 25 882
858 938 610 305
34 184 544 41
577 666 137 309
650 741 668 942
646 525 510 120
776 225 533 993
136 273 485 884
21 311 978 180
337 790 150 615
740 17 279 295
593 36 876 969
227 33 950 528
19 885 702 628
331 300 156 898
322 929 360 640
767 720 504 193
162 760 12 476
63 475 315 337
819 555 640 827
402 803 741 602
656 528 15 415
143 436 891 797
285 714 250 54
993 707 251 820
915 770 853 230
540 288 782 239
762 300 288 417
787 15 142 287
290 997 8 482
217 98 655 521
400 186 867 131
251 364 142 879
678 321 850 910
619 651 33 227
640 335 168 376
627 21 699 832
574 296 704 137
63 60 987 461
901 349 417 347
363 667 712 233
73 376 236 324
127 848 155 577
229 130 161 113
446 642 51 464
639 685 608 643
978 651 798 4
216 906 15 336
673 833 153 227
69 380 88 489
33 994 764 34
229 633 310 475
605 543 818 963
931 927 512 986
700 710 5 331
66 138 319 822
83 202 891 4
516 962 456 903
377 623 366 810
17 482 542 712
854 834 277 507
54 253 48 251
384 781 769 880
332 307 809 649
420 193 853 740
485 529 266 575
518 990 916 666
47 258 595 396
532 953 812 302
688 590 636 323
211 652 615 482
571 127 122 863
317 348 861 604
493 838 868 489
916 809 293 628
582 929 228 614
736 930 535 190
88 805 15 364
993 61 838 573
808 466 571 830
997 392 73 859
370 984 370 471
940 557 524 226
451 993 936 637
958 842 895 937
693 201 755 990
641 668 544 814
996 518 976 819
571 542 866 97
156 898 524 802
365 187 949 4
619 283 695 984
329 971 202 834
492 278 439 101
159 26 82 78
715 170 976 265
755 608 199 747
843 912 629 246
25 995 719 77
266 470 200 386
397 384 2 295
634 71 290 780
938 952 18 136
931 136 665 877
555 440 645 173
868 890 249 456
87 982 496 206
394 217 676 451
249 684 310 601
70 854 221 21
458 517 530 101
223 659 538 616
215 132 351 911
768 952 740 157
733 947 243 664
874 525 565 661
606 730 182 57
914 955 178 439
747 682 821 366
47 266 926 407
533 299 619 343
486 501 95 991
182 779 430 802
482 500 830 461
953 227 629 822
620 136 829 184
363 554 109 579
245 403 309 846
140 432 777 693
737 885 252 348
433 649 79 200
240 150 837 459
33 150 573 746
807 287 626 819
398 625 190 332
950 274 467 626
407 733 422 31
714 894 819 514
195 170 895 8
380 636 405 666
329 559 657 605
213 23 572 496
459 147 685 238
688 299 154 647
84 136 217 888
859 37 638 336
992 693 550 332
102 275 11 36
120 82 24 357
864 37 806 434
269 400 254 818
937 709 978 65
964 598 797 181
677 937 783 699
471 668 879 249
25 220 835 387
347 57 367 492
141 182 930 705
827 604 667 206
708 645 600 487
180 54 723 902
541 588 14 14
736 769 874 75
208 0 720 240
867 775 809 286
10 35 968 680
673 125 463 904
539 546 628 60
439 969 924 550
517 382 263 620
644 222 476 641
459 460 473 273
381 137 618 698
419 852 584 358
178 717 518 650
607 389 133 656
412 783 161 670
488 826 777 605
726 477 915 492
982 522 432 431
962 106 755 554
564 112 928 29
195 346 947 669
957 573 815 597
940 300 238 572
572 50 558 174
205 197 507 231
600 424 69 672
55 890 501 147
474 176 345 8
81 392 137 231
12 134 932 606
589 375 542 351
535 741 902 9
760 562 454 130
708 559 547 401
730 466 58 797
948 96 522 671
203 879 458 552
530 450 956 585
995 865 901 244
246 595 183 867
118 399 657 408
862 997 731 670
765 893 85 404
958 363 553 925
271 581 753 513
463 511 619 560
28 678 909 938
19 133 155 832
709 540 814 907
65 588 963 106
109 296 647 600
280 640 809 291
941 403 158 11
470 655 430 155
873 762 840 253
982 720 977 180
721 566 107 962
953 883 594 886
710 109 77 912
958 636 548 313
676 603 972 552
496 438 376 561
670 905 350 173
633 337 470 467
189 642 733 558
407 821 781 139
78 290 824 629
539 515 5 202
993 817 214 462
183 622 900 139
226 66 182 516
437 769 511 819
374 659 371 913
645 649 634 361
114 318 808 67
120 428 939 174
704 833 988 259
324 161 803 34
607 352 412 844
173 888 769 468
982 404 807 576
851 381 468 458
195 939 918 366
721 646 151 626
971 350 166 263
561 484 830 850
806 794 856 165
704 382 823 886
763 134 914 768
939 925 20 993
41 517 90 584
71 374 330 338
570 102 345 108
523 100 963 825
690 492 392 846
6 998 343 283
164 294 688 43
748 71 239 180
159 839 476 518
460 768 636 83
454 159 31 24
10 864 475 561
134 917 508 52
826 136 956 518
196 571 550 966
873 8 186 338
217 543 578 227
251 945 97 127
535 907 465 663
242 25 333 417
334 360 410 435
802 751 677 675
119 249 369 939
897 149 161 78
387 888 286 808
93 671 910 601
330 509 650 864
739 286 903 898
889 985 172 987
315 328 87 811
860 614 155 775
873 729 85 839
828 498 959 218
69 820 99 414
509 484 779 503
85 413 12 787
92 484 880 860
874 718 746 290
370 11 789 842
120 854 356 996
2 153 424 142
573 203 777 33
412 171 768 819
632 79 242 192
55 237 463 452
309 54 492 399
637 160 361 92
163 749 58 5
26 232 955 781
473 152 486 323
700 440 944 836
817 248 892 91
376 273 529 496
828 632 873 462
626 94 702 614
59 229 698 753
752 192 746 314
995 534 277 852
300 300 599 145
173 335 88 889
712 243 490 70
707 48 483 540
667 319 414 411
1 487 515 303
140 91 564 598
783 899 111 318
949 349 969 840
571 776 717 569
853 206 137 634
853 891 805 883
124 695 991 527
828 191 653 196
343 867 495 252
684 82 571 101
670 889 288 252
780 962 356 710
367 971 722 366
724 444 857 96
397 34 469 438
569 190 259 771
977 828 711 461
500 573 774 865
239 568 201 911
265 97 744 144
703 350 653 387
648 612 1 841
500 510 590 204
999 414 19 248
662 340 886 826
893 742 182 339
349 992 226 992
58 137 744 164
44 777 899 509
814 641 104 856
546 695 694 42
664 225 252 584
668 92 361 834
778 823 858 76
581 50 933 458
400 296 874 724
842 882 847 93
582 673 679 915
183 796 54 132
977 595 484 853
135 651 328 845
471 323 714 727
701 540 972 869
104 596 989 403
278 943 210 266
95 569 496 359
189 277 970 104
26 450 87 860
24 110 135 463
435 235 913 408
227 85 246 15
792 126 524 855
185 451 154 504
698 517 614 830
524 32 978 87
642 134 441 142
947 127 120 968
330 284 662 77
764 428 137 609
677 428 596 874
489 576 614 180
507 631 722 829
664 500 225 31
134 132 484 379
561 550 894 708
441 516 326 125
348 933 277 390
827 468 468 806
721 11 248 960
350 764 941 71
919 618 300 441
124 598 50 178
647 728 926 857
689 312 737 229
110 933 986 856
93 121 882 151
702 390 490 338
941 199 263 378
168 999 658 663
149 603 280 433
857 519 331 789
705 304 769 733
478 476 934 427
136 576 579 684
37 439 427 105
336 258 927 853
227 512 499 691
674 172 559 897
311 387 729 607
416 679 223 587
71 52 387 136
962 893 314 229
576 396 352 164
61 735 109 550
870 733 694 140
923 684 366 547
481 603 928 38
28 608 394 240
933 854 343 387
888 297 16 43
977 842 814 438
352 239 516 95
42 980 471 699
736 579 624 616
501 884 871 677
702 618 682 412
319 665 476 234
73 731 923 71
391 411 829 732
56 457 881 92
760 337 175 332
567 733 782 204
175 377 233 999
433 794 790 576
988 371 401 202
492 934 195 3
800 809 733 183
528 916 258 66
736 732 448 688
132 306 711 34
84 951 429 779
259 942 14 652
287 429 358 827
479 821 915 583
281 471 522 294
323 689 999 461
815 613 616 232
73 394 548 613
702 214 156 438
284 313 291 378
268 237 395 438
983 639 778 392
470 773 494 722
898 395 587 773
911 284 616 227
729 366 177 915
198 126 403 183
916 633 464 724
902 351 476 256
194 736 429 146
571 161 674 194
915 336 424 514
425 539 930 145
981 509 281 558
92 892 338 411
533 482 318 895
458 37 398 278
862 167 514 543
557 962 424 730
340 639 575 590
885 186 469 958
633 818 55 395
818 712 891 542
682 597 901 465
801 777 687 173
29 123 172 595
49 354 325 498
772 70 310 232
431 422 932 846
267 924 582 679
907 733 334 50
645 109 748 262
837 874 879 407
678 829 341 490
850 150 234 322
14 248 712 86
509 299 738 906
893 501 977 676
159 799 257 468
108 797 283 150
573 362 44 317
778 76 243 14
525 529 215 299
972 654 56 268
810 796 584 222
616 313 331 512
481 510 590 979
130 741 242 415
948 745 107 975
457 206 270 879
774 832 262 403
347 74 485 290
892 169 894 142
924 349 126 930
678 773 340 480
606 418 616 525
713 350 74 833
85 556 630 422
983 374 654 648
781 589 181 463
600 677 113 902
945 769 82 561
110 72 492 547
783 882 686 762
322 881 248 826
487 193 886 462
320 215 592 620
302 457 799 404
280 54 372 398
893 648 314 875
947 229 62 539
655 869 439 342
785 882 988 219
113 855 728 925
607 716 550 846
636 156 264 802
614 538 457 583
420 724 86 538
914 119 830 789
985 286 354 353
526 180 331 67
277 810 855 182
955 578 417 948
701 702 720 447
854 310 343 747
129 895 73 302
67 141 45 335
221 60 134 438
283 937 40 496
336 401 613 857
585 567 828 16
3 900 182 173
365 892 124 571
175 21 255 45
640 46 85 312
387 836 643 989
584 484 30 393
330 357 703 196
103 879 772 851
175 462 801 342
625 855 136 954
764 791 450 885
794 416 758 597
367 168 727 808
47 545 362 350
16 806 363 385
773 877 226 42
992 635 935 475
834 684 839 553
445 80 296 565
857 586 504 283
665 519 249 413
805 180 591 432
549 263 581 294
252 928 466 328
186 711 474 139
708 573 84 110
454 508 76 449
221 501 462 638
790 459 396 300
36 991 107 927
336 37 725 11
748 945 19 586
39 9 645 441
258 722 105 162
823 549 618 854
665 965 409 370
995 670 31 544
747 388 978 981
534 692 968 483
812 587 378 265
908 870 445 85
707 298 837 610
517 435 313 973
399 444 423 455
884 128 393 38
324 748 555 134
18 71 276 64
704 203 672 591
657 683 268 629
27 926 850 258
9 753 141 312
498 161 37 123
123 347 684 134
303 868 555 81
168 926 398 950
483 741 992 255
945 57 351 452
545 623 393 458
308 238 438 966
181 180 471 95
164 3 71 366
69 416 578 546
772 600 218 917
884 718 676 802
827 799 750 23
0 938 663 259
718 971 102 560
537 166 665 434
771 597 788 373
932 382 61 997
744 678 754 458
775 937 984 269
92 379 400 282
373 251 295 942
319 34 843 436
787 666 764 543
518 459 913 302
733 13 505 743
339 753 626 933
918 515 379 978
346 689 691 548
236 29 509 872
772 750 419 2
319 570 28 85
402 895 354 647
183 53 43 37
31 173 799 295
417 824 228 569
499 829 911 244
423 785 888 337
499 107 112 223
940 375 309 640
79 756 183 415
605 682 871 832
732 461 584 141
580 379 426 199
982 140 276 156
579 445 185 283
242 583 522 806
362 762 244 575
132 657 379 207
612 922 841 100
733 274 522 803
786 627 421 70
450 548 207 953
751 914 670 919
936 968 150 508
123 242 372 324
822 174 229 346
415 138 904 309
498 529 205 438
83 624 652 440
709 836 509 742
495 942 754 418
232 769 36 127
614 515 236 954
21 237 953 899
844 576 313 164
525 124 977 970
774 889 706 456
405 655 841 896
418 374 549 74
414 654 866 211
450 985 996 152
558 586 858 437
652 6 726 89
310 108 675 297
602 325 374 709
628 303 213 314
883 258 654 197
65 422 306 497
229 102 825 55
722 121 454 67
850 801 595 331
769 348 969 533
381 725 675 577
22 455 197 261
972 56 434 619
907 765 561 851
468 213 286 742
405 93 736 952
745 182 41 234
268 345 529 31
212 122 192 945
543 239 824 346
656 565 74 817
23 677 287 315
736 387 960 187
834 825 977 172
150 767 124 450
554 869 592 872
991 874 282 83
318 723 358 885
847 110 16 288
501 499 296 909
913 343 712 270
758 958 883 324
309 701 571 70
965 419 411 66
979 860 103 21
183 431 919 445
53 873 120 580
805 998 805 917
386 451 393 226
161 716 945 439
872 591 897 66
887 78 373 616
254 542 781 805
590 957 697 606
653 367 51 972
756 136 163 899
752 234 377 384
806 862 77 971
549 991 42 58
516 461 18 540
293 352 472 687
309 557 968 42
804 768 659 432
685 344 631 535
982 577 152 254
338 342 766 682
804 189 809 602
593 793 279 617
249 463 946 835
951 811 274 448
46 304 448 18
935 362 608 792
569 867 924 14
224 547 601 626
587 395 547 13
91 492 969 735
794 431 551 605
414 370 313 173
614 546 956 813
133 236 141 335
909 387 252 436
621 891 978 567
707 623 283 832
44 550 79 675
800 113 413 215
646 48 46 549
590 866 527 464
899 373 154 376
490 174 526 299
417 556 44 339
14 848 850 558
590 526 694 166
146 458 558 591
38 186 855 52
223 125 761 843
991 331 987 715
575 498 286 293
548 393 364 497
281 833 716 721
582 494 564 882
409 317 511 676
185 440 959 39
580 29 164 196
842 282 498 571
205 896 578 407
384 444 513 67
500 541 33 730
759 400 325 296
911 536 751 460
969 162 172 229
709 881 475 103
944 454 385 735
310 448 263 641
863 830 67 231
136 299 823 329
463 84 59 811
535 834 808 444
174 399 103 878
334 719 161 429
650 703 712 434
567 481 219 170
294 117 669 290
619 787 738 855
733 279 852 40
960 631 843 782
950 787 404 681
281 844 218 839
809 192 379 96
198 265 875 164
272 158 378 662
437 428 213 132
418 671 585 639
512 973 343 796
143 810 875 89
362 183 604 62
616 116 541 21
124 212 139 12
276 823 225 166
67 585 620 666
316 994 128 440
511 47 912 277
896 545 645 265
596 238 256 87
984 990 946 10
292 921 719 968
210 825 595 196
194 574 467 293
438 665 695 800
171 550 420 93
415 107 460 271
967 349 92 709
930 91 902 939
484 232 73 673
79 855 426 558
694 269 182 306
586 974 997 198
462 512 647 508
47 530 3 460
256 880 835 395
415 384 966 617
934 94 213 489
903 805 954 107
581 104 142 136
744 402 274 665
384 125 800 661
967 479 467 588
233 491 87 833
76 78 836 422
86 274 284 127
398 935 706 422
790 885 454 452
285 318 451 833
518 202 267 149
644 74 185 4
694 724 901 644
830 167 264 175
415 840 796 135
570 366 618 52
315 434 355 957
617 922 971 367
255 199 315 883
935 436 483 51
790 425 916 229
28 981 733 937
975 712 207 915
143 815 270 387
826 348 623 510
928 676 646 339
467 827 481 163
357 33 291 480
517 846 716 99
608 990 799 573
284 439 544 561
769 482 461 892
625 580 847 41
423 912 793 268
683 134 890 380
285 166 829 715
75 49 475 940
864 950 603 701
573 896 368 524
939 237 6 69
734 126 424 857
399 837 981 712
149 720 513 85
282 665 240 180
935 906 859 517
433 471 289 298
658 578 39 695
530 187 425 262
850 654 179 887
54 122 600 597
529 475 45 922
615 661 8 586
540 100 22 789
8 180 906 238
415 945 961 692
713 417 228 800
732 657 515 918
342 535 127 802
685 522 896 471
473 960 111 880
369 490 403 676
793 199 776 591
246 291 427 327
276 690 556 492
424 517 66 512
416 486 370 856
800 168 206 236
927 130 470 916
417 816 914 550
988 28 994 594
741 197 938 239
567 715 172 549
498 120 663 134
162 560 972 380
788 532 6 819
319 267 603 542
729 755 386 76
442 322 186 236
384 67 337 266
140 348 946 432
341 219 769 396
900 662 20 378
105 284 593 137
275 910 615 294
812 710 543 117
947 336 370 775
549 54 945 364
257 213 919 165
804 872 681 390
701 116 43 694
715 291 564 895
309 68 668 823
227 246 123 614
643 143 798 74
693 781 52 120
735 961 26 422
764 473 427 270
417 14 882 39
959 963 405 802
192 929 415 809
541 734 635 374
727 132 835 298
856 781 50 376
321 288 923 701
394 669 980 380
841 421 375 590
993 763 575 419
386 159 203 670
886 202 662 103
566 416 223 93
971 293 501 785
671 66 610 363
425 970 949 966
656 994 813 815
346 932 316 992
443 638 630 378
355 667 153 352
606 76 928 449
152 23 612 292
976 349 771 338
767 876 45 451
69 858 116 879
716 966 551 139
371 912 32 900
584 641 856 976
741 252 148 315
95 936 462 891
235 520 374 746
343 143 850 758
98 751 782 738
618 702 343 400
361 693 701 158
765 303 983 740
636 980 818 634
126 836 286 579
639 66 615 332
848 790 542 984
244 572 627 302
355 84 91 401
993 850 488 593
407 472 847 463
421 703 498 647
16 955 656 666
897 579 539 644
759 258 973 8
780 379 890 742
779 582 375 80
407 448 417 439
861 941 674 255
842 838 558 881
519 686 470 437
202 498 989 90
404 281 401 156
712 856 583 499
102 610 359 430
258 277 306 204
761 912 260 341
196 539 790 321
150 83 370 496
396 782 422 722
292 480 170 645
173 446 398 557
573 50 720 381
813 795 298 87
708 74 236 49
113 870 926 191
271 531 16 707
733 225 955 162
514 224 276 438
210 599 794 134
610 539 940 818
604 573 88 119
198 615 343 911
605 805 99 420
992 431 692 942
87 704 5 526
516 669 85 621
152 734 454 288
228 639 114 49
68 785 795 824
640 60 173 3
177 852 761 717
505 436 181 875
176 768 779 578
383 226 568 177
497 187 788 746
393 676 985 712
460 140 62 825
249 374 224 130
324 972 453 598
465 485 330 403
747 674 328 251
819 673 543 366
267 557 732 502
739 742 352 524
923 557 698 472
221 628 687 471
49 345 176 153
345 119 694 797
743 34 601 22
290 607 124 787
802 832 510 477
155 934 170 235
945 309 239 905
683 590 824 842
726 38 706 673
303 657 521 968
446 576 689 995
548 506 771 821
715 858 146 753
750 580 150 64
831 624 886 227
673 941 248 460
859 840 945 558
971 395 755 318
874 204 898 21
592 76 763 438
443 390 631 767
815 544 77 263
21 401 417 234
827 433 876 360
264 36 755 496
630 98 668 908
38 437 688 532
767 116 895 444
775 408 572 203
98 443 129 42
41 829 226 369
851 464 624 718
20 875 991 822
809 703 121 40
976 280 53 899
600 573 198 522
498 513 867 706
613 687 395 187
79 194 246 662
640 436 91 897
531 114 395 797
970 442 676 315
312 252 556 924
120 223 525 693
881 533 470 729
828 400 382 433
891 962 483 864
586 470 996 817
454 994 714 420
206 805 52 778
291 312 802 292
751 747 656 578
859 649 334 581
72 535 692 636
855 954 130 758
219 515 347 519
512 137 804 624
393 32 88 233
462 780 33 823
852 273 848 845
855 837 136 605
764 552 315 588
870 360 541 855
278 795 64 565
179 525 23 314
12 949 863 723
633 135 816 474
266 658 192 985
20 327 642 105
274 116 461 430
781 16 668 435
411 764 180 937
675 617 869 265
78 299 736 316
97 664 268 248
546 170 461 447
226 463 616 223
63 77 384 701
383 345 494 228
601 454 611 689
28 566 522 223
524 619 764 878
923 232 253 589
375 517 290 658
875 647 620 616
317 794 27 869
393 430 167 214
87 808 946 751
273 497 836 376
99 315 622 719
567 234 997 337
423 352 575 747
229 965 968 125
392 134 384 916
695 559 111 269
984 31 914 23
726 976 387 245
782 480 504 773
609 739 372 519
799 437 98 799
759 136 779 971
778 293 288 503
40 354 587 860
426 562 440 920
331 822 515 185
652 827 572 566
310 186 761 456
859 668 293 311
473 43 855 596
633 184 535 45
236 916 362 655
307 358 540 922
668 741 306 84
140 785 442 529
527 347 637 882
411 423 679 143
131 695 878 156
1 360 320 314
667 628 676 974
646 826 546 567
46 340 533 576
167 262 189 918
32 405 251 655
919 476 375 728
119 152 981 537
54 585 451 4
313 124 66 286
156 548 636 277
892 79 561 485
277 934 678 380
779 575 105 798
903 416 998 600
108 927 547 563
769 217 620 822
865 68 958 840
648 951 61 414
279 929 290 495
387 965 963 273
62 817 591 503
970 456 255 790
359 974 406 782
631 761 570 792
522 840 579 687
60 820 458 798
108 748 432 806
43 941 638 290
668 463 167 158
454 118 523 92
295 30 470 240
904 127 570 679
71 510 419 655
492 307 4 48
699 910 952 963
219 147 55 296
708 939 259 170
654 88 885 189
640 255 473 311
253 568 902 365
723 886 816 922
208 958 502 740
761 505 575 913
373 669 718 114
899 864 263 808
570 41 300 519
493 612 370 311
530 643 839 301
782 81 138 43
876 39 663 4
898 665 557 25
674 352 325 848
614 69 219 782
831 470 315 420
911 242 970 492
55 372 467 346
731 300 185 564
255 434 104 193
841 113 596 74
584 304 730 402
366 900 391 498
427 68 254 803
121 744 792 520
481 905 66 963
219 126 205 723
955 511 59 389
534 45 68 703
833 271 76 853
197 183 369 449
812 367 482 315
894 713 230 307
59 331 766 486
242 904 677 811
904 221 611 874
524 338 448 87
8 202 264 867
997 477 432 713
368 570 80 271
715 680 532 305
597 501 928 236
598 272 996 121
929 850 661 789
471 651 306 244
262 914 176 622
779 875 540 975
782 496 997 662
687 46 75 447
572 904 616 561
604 688 913 657
834 952 393 459
359 17 974 217
104 250 106 842
397 799 73 540
545 266 322 848
679 271 656 546
708 41 882 324
593 691 218 658
95 504 470 195
414 130 466 406
935 427 828 751
507 653 262 212
732 508 228 206
369 656 791 79
104 889 47 491
348 412 462 270
142 94 150 780
766 57 157 545
265 784 942 46
940 395 874 742
95 303 587 902
324 665 753 111
671 666 228 636
333 87 917 716
275 289 755 623
459 358 644 34
643 317 872 676
35 734 724 513
864 776 455 581
363 71 673 610
322 353 703 901
911 13 156 937
930 766 649 840
690 135 756 222
379 569 73 46
891 514 453 606
692 595 962 979
580 895 645 733
162 316 814 595
771 497 264 664
898 452 845 411
969 480 424 252
351 737 88 621
767 991 244 774
975 668 547 680
405 220 316 478
171 728 986 353
126 34 962 566
259 250 189 790
734 580 694 820
221 54 679 248
397 112 787 858
241 323 457 614
942 114 689 433
877 928 62 901
250 469 628 496
923 686 202 910
712 322 704 507
875 397 759 35
218 206 965 620
268 186 265 150
870 473 785 384
580 504 967 275
569 890 554 65
739 219 942 311
147 990 80 75
859 945 787 3
777 735 352 344
928 42 355 930
777 849 89 326
692 690 420 268
485 214 970 382
698 89 297 116
144 16 871 819
921 722 27 303
247 539 761 567
806 962 960 935
772 276 424 527
411 711 942 293
567 534 418 659
338 294 471 164
459 35 934 257
322 962 709 240
193 557 205 480
756 553 609 159
892 121 45 44
139 438 129 96
145 839 314 915
96 987 925 837
807 136 92 463
327 892 234 951
267 168 706 737
842 315 950 301
533 447 975 913
396 742 774 264
673 223 247 293
310 378 348 210
875 363 577 183
328 180 381 947
740 334 901 179
983 523 288 846
578 280 967 75
948 520 759 890
174 685 455 401
237 916 378 837
405 667 187 992
911 489 540 374
435 414 531 902
9 941 551 233
181 173 910 556
816 570 228 817
780 173 306 647
498 972 202 686
785 121 763 139
156 519 172 159
395 290 382 398
894 473 956 366
55 694 692 103
865 85 50 116
158 419 997 770
545 783 781 968
986 227 191 452
536 900 726 827
960 304 587 282
450 333 506 995
472 642 604 90
837 491 794 28
198 563 474 463
765 64 287 584
412 897 722 735
623 697 221 948
885 822 191 449
721 259 515 482
580 141 597 891
848 478 83 147
886 845 217 985
879 160 524 886
557 834 207 372
771 273 981 272
704 680 350 969
613 651 402 594
119 209 48 37
660 865 101 125
532 229 680 456
360 642 935 587
695 776 224 465
408 557 783 356
986 677 778 436
676 330 401 632
649 222 910 832
993 672 486 454
63 152 913 349
136 691 184 691
757 626 856 731
547 933 477 703
755 945 480 701
977 143 562 916
282 663 628 997
9 165 675 458
781 943 420 297
504 497 595 400
407 450 708 169
40 976 517 914
929 156 13 684
803 699 178 45
767 502 390 779
802 335 80 965
470 668 742 704
709 803 23 902
558 4 664 600
230 669 515 737
587 590 830 84
35 339 326 358
107 987 327 467
800 717 543 271
309 468 755 987
662 159 749 745
388 719 951 214
991 510 866 642
2 699 990 434
409 673 905 89
920 491 562 98
686 725 241 475
16 477 286 104
51 798 269 669
419 603 417 196
396 415 608 723
413 964 222 218
135 203 254 898
49 341 166 3
773 344 95 874
197 910 617 94
499 754 763 839
799 656 427 685
303 321 851 191
49 426 74 350
241 560 0 165
269 285 713 978
774 289 979 446
912 957 991 783
858 67 274 591
439 387 231 610
352 94 546 470
96 689 141 528
697 877 810 932
983 679 405 53
51 304 399 586
227 120 9 774
409 567 396 104
717 627 348 524
188 345 162 11
562 36 230 84
197 144 572 254
111 758 760 776
320 308 989 815
535 799 663 11
799 779 763 757
411 74 530 140
759 926 746 70
388 727 494 748
657 486 246 879
512 496 148 816
519 821 658 274
385 127 499 507
333 263 250 284
86 76 659 807
225 696 312 372
789 121 5 33
769 398 887 371
451 415 329 405
204 976 42 728
755 402 524 785
278 154 268 783
685 880 906 282
125 754 158 550
200 978 187 403
972 411 393 491
948 159 783 461
194 359 43 107
628 822 553 46
129 299 834 914
312 318 672 761
580 40 675 567
671 754 570 556
81 448 549 338
481 27 601 568
203 285 728 992
296 175 332 195
991 239 470 759
719 136 734 722
849 76 362 171
303 138 374 116
547 969 926 646
603 598 739 801
258 680 195 109
460 319 992 457
364 26 934 779
941 203 165 57
119 826 687 833
687 988 361 549
317 981 692 585
716 891 839 582
138 543 255 30
765 961 279 523
264 981 458 519
39 807 855 389
998 860 865 446
666 258 105 799
687 281 625 804
915 691 6 627
135 599 994 576
724 52 17 609
630 191 870 889
561 892 671 101
247 340 438 188
100 497 399 449
899 852 696 953
409 881 977 654
376 783 750 327
773 354 851 856
170 126 522 609
195 39 723 251
533 40 711 431
812 385 799 494
304 507 337 979
692 414 383 348
755 184 787 893
698 121 882 416
85 264 966 111
21 764 294 205
642 499 295 543
682 566 107 481
872 442 997 739
238 100 886 88
164 17 644 663
212 868 390 772
46 855 399 995
202 567 89 405
960 315 197 169
237 427 961 208
895 224 376 965
560 699 420 219
812 518 947 134
964 454 936 537
561 985 923 818
131 940 382 668
184 370 174 619
215 881 710 611
163 527 840 666
620 222 857 297
596 803 807 20
840 306 447 787
60 130 479 180
684 94 446 698
752 727 17 446
423 807 683 381
160 245 19 713
913 169 715 439
547 106 263 656
529 480 934 191
160 737 20 306
502 862 701 94
416 483 567 857
961 751 550 183
380 749 786 700
626 929 433 528
680 636 161 265
250 441 175 343
990 259 287 696
844 816 753 503
381 965 262 766
920 730 888 737
136 372 211 930
502 613 900 218
303 525 173 119
156 832 608 654
273 148 726 458
398 728 303 207
331 692 465 977
676 630 916 702
698 700 584 218
723 924 206 520
917 397 464 953
688 338 517 926
28 433 862 435
112 665 123 775
388 511 463 535
837 187 45 550
147 691 757 730
708 331 881 904
77 693 139 978
261 402 871 203
107 577 600 689
314 4 126 47
503 343 810 346
742 966 127 796
784 128 271 582
766 907 950 503
352 767 716 993
985 686 603 441
927 681 442 787
447 917 448 413
401 102 279 221
311 507 613 535
316 425 657 309
893 456 848 323
781 801 762 974
791 972 574 800
568 96 126 707
463 390 866 259
680 932 605 262
313 281 60 940
803 611 252 93
833 355 385 966
806 808 623 685
399 605 612 122
970 763 928 980
183 800 896 977
947 91 541 169
691 567 270 958
417 679 566 837
768 770 837 605
122 908 378 627
185 198 531 798
305 187 834 348
919 388 845 938
330 467 357 452
5 603 495 395
301 545 458 168
794 129 608 915
401 302 229 626
526 944 448 514
531 849 942 710
757 913 833 507
220 447 190 521
912 770 50 75
401 407 94 632
634 203 361 412
900 592 502 732
128 930 144 207
946 363 233 986
315 984 495 831
2 521 113 750
611 665 751 947
893 971 724 598
443 980 626 777
125 940 989 141
955 799 503 249
538 67 223 687
247 748 253 876
920 53 476 101
49 471 227 567
294 834 607 544
938 307 377 872
980 17 599 353
689 622 505 580
363 385 653 372
13 841 661 118
825 748 271 759
614 874 100 317
641 205 858 369
854 388 810 40
438 930 150 846
178 139 351 342
739 713 281 384
260 515 907 916
852 335 856 489
90 734 572 230
883 676 849 41
790 111 615 970
202 709 304 491
877 969 463 490
887 696 697 919
267 294 367 97
670 884 938 723
58 351 131 330
41 847 93 450
606 135 491 775
780 751 615 259
854 146 758 386
575 819 228 329
413 647 515 403
803 105 907 54
329 982 911 923
913 939 796 170
791 746 761 951
985 439 285 717
307 864 751 251
235 210 949 343
237 999 802 911
522 475 811 440
925 193 945 544
220 768 634 75
132 209 155 315
908 289 860 285
30 44 343 357
750 655 629 680
315 796 903 997
684 961 976 288
296 961 499 657
556 190 309 715
6 895 553 937
946 350 303 66
909 344 532 890
156 118 616 894
455 521 440 408
141 853 441 528
900 28 568 262
208 2 920 577
197 824 315 332
180 268 676 71
545 906 657 166
845 63 503 195
975 314 143 463
128 67 358 216
798 591 925 319
680 601 77 476
946 540 551 783
612 679 646 435
122 531 125 835
138 268 28 65
765 161 904 251
284 651 584 111
294 962 335 692
135 43 694 831
879 785 1 422
297 17 929 137
489 998 17 19
309 714 439 293
919 745 419 152
54 754 669 978
393 952 615 343
654 674 659 261
106 479 992 620
201 68 746 756
866 561 760 270
60 328 150 494
522 226 662 381
308 404 341 451
565 329 971 348
811 843 473 586
208 65 271 687
94 96 883 177
520 603 12 208
903 575 670 451
541 392 939 906
470 500 7 216
859 431 440 537
714 775 491 23
241 34 888 151
252 898 800 46
498 676 464 715
63 367 172 861
244 85 924 778
919 272 470 157
108 9 180 605
918 727 224 310
574 770 182 595
607 839 97 181
26 107 627 722
397 558 276 126
364 65 168 300
235 629 286 624
888 36 601 427
913 827 629 849
739 606 41 177
821 246 824 233
731 476 61 703
442 165 993 177
744 740 548 20
956 136 951 810
900 370 105 366
479 275 561 748
248 264 669 695
438 80 679 154
54 272 760 849
868 957 39 446
137 337 445 18
805 260 306 341
602 553 332 902
513 842 379 786
375 405 215 564
409 497 405 561
456 930 946 879
573 479 736 851
822 483 857 701
718 794 625 995
672 540 751 438
899 139 269 914
468 385 865 755
730 598 299 848
730 129 635 669
200 769 341 973
892 598 456 218
105 338 602 302
249 102 910 370
640 385 895 210
488 740 679 787
324 634 357 61
262 234 84 891
634 990 487 308
784 347 444 685
537 845 397 988
396 577 163 958
242 496 571 266
771 267 573 976
355 999 20 645
265 367 438 538
864 56 313 644
261 429 720 264
305 815 570 262
286 356 94 653
585 579 941 16
611 625 838 185
957 801 148 251
486 677 170 954
652 190 998 511
418 329 819 126
853 452 983 401
702 848 67 223
673 832 584 123
314 394 817 359
167 494 808 371
769 925 252 501
758 888 854 112
852 824 336 721
567 401 933 79
762 356 768 861
996 795 0 384
586 100 858 343
103 267 638 868
916 418 528 516
41 455 419 945
278 609 18 786
195 746 919 907
609 255 985 476
654 272 31 905
192 7 505 652
88 292 812 218
551 277 465 189
342 908 442 967
235 705 833 396
880 238 993 126
876 164 130 610
367 637 705 137
400 158 534 639
249 395 935 782
150 784 505 423
790 518 233 748
173 903 75 569
417 293 592 565
507 3 410 479
717 245 40 466
730 999 317 949
894 47 533 123
620 348 579 946
594 341 627 75
115 841 986 658
35 700 65 110
512 755 627 841
724 847 970 413
50 13 791 105
214 56 771 783
381 214 793 465
369 767 474 360
856 705 16 153
32 603 102 969
602 124 442 441
708 42 614 263
975 432 247 952
738 590 54 893
798 127 105 508
452 90 282 155
599 174 257 910
527 557 110 523
228 989 350 212
713 22 894 763
491 862 821 938
235 645 895 89
288 293 250 897
496 74 253 803
66 140 44 295
112 202 504 435
230 258 77 992
448 167 542 511
52 30 924 376
833 742 194 606
19 797 229 235
521 413 530 596
352 40 74 13
468 331 330 305
929 914 185 99
213 568 256 944
977 28 97 371
19 330 776 504
592 890 219 175
932 623 268 643
566 696 628 785
133 181 481 104
861 608 946 952
864 900 752 456
730 661 505 744
884 94 897 985
869 232 431 417
987 185 281 984
263 196 353 562
97 144 724 84
55 702 192 956
588 859 435 941
734 953 727 527
609 567 573 351
890 727 542 79
806 992 71 455
771 910 304 53
143 534 572 362
608 128 352 218
687 523 395 311
934 31 874 53
93 55 190 773
293 524 328 748
328 760 601 845
951 982 799 563
48 581 629 494
110 296 697 880
797 963 93 350
383 91 558 269
903 567 848 568
437 733 872 535
940 574 983 686
129 411 155 57
496 714 40 635
430 585 159 366
336 77 98 248
774 75 992 357
449 696 269 900
413 911 688 840
359 250 953 177
44 885 115 350
305 899 21 251
843 919 708 614
744 91 939 148
457 980 406 377
458 108 109 692
254 261 229 340
925 839 58 102
629 536 980 508
945 222 547 527
377 771 867 831
157 373 563 170
777 982 145 8
380 151 949 140
530 439 62 81
515 35 801 195
356 995 426 535
114 621 53 613
131 52 881 572
300 792 463 690
405 397 930 154
962 791 872 440
278 10 625 301
539 847 915 514
223 741 201 110
789 720 972 699
760 942 524 802
499 62 575 449
826 265 133 751
954 693 778 649
959 100 454 444
345 697 12 144
640 8 374 687
306 520 716 225
43 618 526 549
912 933 596 634
647 694 719 436
625 472 870 266
381 319 207 475
658 374 396 458
365 939 588 936
300 43 470 296
393 812 411 59
538 34 714 483
441 911 694 823
245 630 76 738
64 980 903 165
573 277 468 108
850 543 93 352
383 314 0 902
427 815 178 357
558 896 907 696
277 799 816 907
26 855 808 921
107 188 19 641
338 737 882 707
366 361 281 771
558 312 61 64
230 261 58 847
18 368 218 450
279 693 625 414
429 128 948 336
339 61 783 267
367 931 209 351
471 138 724 994
160 213 46 445
559 451 562 876
314 351 611 424
490 96 721 129
709 439 899 751
492 33 812 688
484 583 921 61
486 93 401 930
575 493 541 790
987 157 689 938
790 182 440 422
507 373 552 801
665 314 403 21
604 959 983 698
435 755 258 152
349 733 651 959
68 712 611 961
854 401 794 429
26 838 242 19
694 299 445 223
179 800 91 273
119 450 951 889
235 0 987 725
198 913 978 752
176 283 154 566
324 559 503 196
765 218 143 654
394 712 866 372
342 689 766 511
964 454 560 77
565 847 776 728
110 740 722 737
922 533 91 690
856 294 839 606
992 250 743 377
868 573 617 257
816 396 49 751
279 183 391 449
724 124 378 326
477 632 61 358
818 206 314 236
160 535 483 504
641 937 666 870
443 421 933 421
607 395 623 65
306 142 193 281
191 110 819 621
315 535 956 524
397 118 410 859
859 59 818 247
784 233 864 80
347 894 921 875
395 609 2 99
840 97 557 300
345 356 197 424
654 579 174 454
270 363 554 309
913 229 227 506
692 610 490 355
204 208 70 474
497 306 747 57
660 585 901 127
520 960 305 220
372 837 676 1
969 299 73 265
736 935 843 459
205 471 328 8
783 704 983 206
606 718 978 545
810 954 584 602
76 864 341 720
941 674 546 494
589 817 602 38
836 796 355 536
478 309 531 245
672 699 913 566
326 7 377 172
451 539 114 218
614 18 796 862
203 128 914 186
293 741 515 740
523 709 181 48
259 536 532 819
151 478 57 665
542 526 130 372
911 117 164 320
870 890 770 557
577 330 386 786
349 875 832 366
901 19 794 811
836 25 991 857
79 474 440 369
550 213 140 991
64 79 737 380
400 237 149 213
540 995 50 798
70 261 572 701
344 39 10 839
583 789 502 672
459 167 743 124
410 783 174 556
185 695 373 731
886 608 952 978
562 259 757 784
721 495 304 324
528 884 892 873
989 448 485 59
638 219 658 403
155 796 734 386
489 143 454 286
522 47 766 351
543 815 460 179
198 925 649 633
933 375 719 986
803 32 629 753
7 954 660 375
810 691 205 532
391 661 261 636
918 989 430 629
686 198 919 877
640 24 877 318
659 468 543 564
330 949 953 629
827 849 177 60
116 392 430 542
632 259 334 597
860 458 9 282
785 575 563 569
673 727 942 826
686 213 165 976
923 951 175 827
368 867 59 111
951 767 967 85
645 197 66 259
904 573 982 757
328 155 196 540
391 126 427 292
816 215 40 322
409 450 192 250
780 15 410 877
921 444 909 395
338 10 830 586
123 498 516 77
297 172 248 794
9 36 442 547
160 913 766 54
889 543 672 247
603 776 366 937
132 847 593 966
812 424 475 383
202 925 195 97
568 259 686 279
183 605 114 623
945 293 800 295
95 191 340 441
155 118 450 362
983 260 29 773
722 180 334 150
33 267 529 822
77 30 680 345
21 887 326 432
707 207 375 969
429 527 719 20
424 610 423 330
232 923 475 415
209 945 928 747
611 852 674 786
254 276 475 56
776 684 639 409
410 175 502 944
961 965 909 387
349 183 302 927
564 603 296 435
554 813 745 42
50 982 945 359
904 876 598 928
322 456 920 426
807 610 956 844
859 403 203 84
59 914 234 977
447 586 814 684
749 518 475 627
113 136 914 272
237 220 867 458
9 912 208 976
351 758 202 778
631 694 151 449
203 260 603 874
147 212 551 655
351 754 50 156
910 397 694 227
624 788 276 847
57 582 676 992
955 235 444 728
667 598 430 849
366 32 557 908
133 56 971 171
279 613 164 544
884 905 600 691
496 807 78 550
167 296 10 500
225 475 573 486
874 184 381 744
281 958 343 393
854 564 991 173
226 556 159 869
241 648 205 124
860 189 851 421
216 90 504 124
451 807 720 633
258 533 664 10
709 121 806 92
463 20 853 844
54 291 65 872
160 349 531 846
325 923 628 874
373 317 742 399
850 157 519 621
678 743 781 458
317 486 604 65
492 360 670 977
302 612 205 390
435 231 338 298
67 872 304 79
667 649 55 695
519 390 727 832
915 721 182 806
434 632 501 639
590 259 109 356
226 53 326 491
781 448 839 845
459 972 22 569
359 552 739 636
501 213 539 559
929 18 404 323
913 944 81 459
247 285 347 890
217 309 420 202
379 900 999 505
600 402 914 273
77 609 261 21
269 930 365 885
149 175 528 303
156 486 360 175
988 704 482 970
894 923 250 402
299 141 837 509
351 309 826 680
472 612 992 962
596 387 966 886
227 473 660 790
678 314 899 911
540 826 950 453
868 305 963 73
637 400 60 742
456 761 284 397
14 90 995 251
994 131 217 448
783 326 642 917
664 239 987 881
666 677 76 955
754 732 575 827
689 357 309 584
293 507 758 500
106 369 754 142
27 861 140 472
410 198 964 738
833 762 703 461
234 630 934 283
438 212 319 302
13 649 337 284
980 103 645 176
297 249 302 240
46 15 193 55
299 626 825 985
531 820 709 778
759 463 661 458
201 21 235 331
743 780 792 355
458 91 56 837
469 131 41 229
678 18 344 729
684 578 298 291
772 566 40 247
861 537 381 631
796 942 426 135
84 749 179 343
105 963 530 159
540 76 560 599
773 111 749 730
537 882 364 233
955 396 909 525
13 454 186 299
130 211 858 779
119 620 165 92
918 185 810 274
324 518 691 971
286 683 78 176
369 115 315 158
24 73 749 506
483 857 123 647
449 992 707 34
525 239 138 344
694 443 607 805
661 304 631 374
554 798 120 283
316 822 261 503
640 807 945 523
323 660 473 675
737 950 983 45
177 593 771 670
519 507 366 996
852 230 675 4
349 729 667 901
15 144 490 771
522 756 165 459
940 544 542 740
19 162 62 748
271 514 817 464
144 788 811 187
131 871 480 955
819 775 194 247
111 707 168 349
815 868 365 334
299 586 145 71
419 476 641 758
174 986 102 515
125 483 647 874
305 638 329 307
490 533 349 326
32 535 65 808
381 781 317 857
953 714 616 358
572 54 910 672
173 895 858 955
397 127 455 7
826 248 924 730
352 818 742 896
56 368 265 664
839 225 539 250
509 211 318 726
407 892 732 494
546 332 737 97
614 71 278 414
401 318 200 670
349 527 39 800
181 214 672 454
425 163 83 475
358 161 907 908
955 948 798 434
88 15 466 433
18 594 60 456
12 387 27 179
242 435 329 193
656 937 35 90
895 618 652 518
783 871 967 844
594 885 94 975
165 982 414 210
576 888 433 290
719 779 339 446
54 20 0 521
648 998 932 894
885 96 312 692
940 234 744 368
12 106 658 734
331 166 628 324
71 453 941 195
272 664 917 16
132 208 51 816
111 736 338 398
362 338 157 369
923 377 367 69
317 143 431 95
546 359 444 850
463 612 393 480
172 384 525 9
668 459 76 250
873 646 786 260
423 189 918 310
750 756 981 958
649 810 526 760
775 110 968 288
981 433 546 984
319 529 231 665
896 904 784 343
831 634 792 46
210 59 643 962
948 497 666 178
262 472 415 506
792 337 501 941
48 678 399 651
217 720 960 472
268 734 25 48
739 583 457 998
361 872 743 67
944 372 41 23
349 380 74 274
378 977 448 966
246 470 844 675
301 107 541 334
119 907 914 276
940 565 646 788
662 854 22 616
657 352 796 757
80 900 16 804
983 851 308 112
301 20 996 764
719 283 819 220
283 993 518 83
189 604 696 398
546 186 431 703
332 48 597 231
862 345 610 150
33 96 186 875
84 107 451 816
591 531 764 160
824 182 360 139
932 743 301 707
261 115 292 900
327 949 591 351
98 528 812 15
417 991 957 229
334 646 701 169
143 290 988 961
554 887 666 235
577 473 225 540
466 850 521 304
994 662 477 504
362 563 48 891
732 605 293 232
126 752 439 152
346 367 984 915
903 148 464 199
206 206 958 292
535 282 363 424
486 674 65 349
682 528 212 445
127 328 848 442
676 402 295 306
8 481 546 174
73 657 256 934
438 787 826 619
636 649 578 911
271 330 506 534
734 856 533 241
759 937 480 549
100 622 599 171
150 766 581 136
338 422 719 503
868 604 420 489
327 63 359 406
666 241 133 432
439 483 141 749
341 766 763 238
516 148 98 682
135 614 381 994
182 315 758 69
4 461 962 924
880 397 782 605
948 512 377 335
611 48 316 190
154 864 198 900
149 638 921 655
405 661 422 812
835 221 675 402
41 704 82 450
199 501 70 361
976 885 509 940
859 682 63 643
26 438 521 159
708 676 259 841
585 583 639 422
966 113 715 346
150 187 240 377
461 654 569 165
933 713 873 496
197 188 974 909
533 81 659 577
302 264 673 486
978 42 9 945
53 215 907 373
748 907 430 795
458 169 3 991
828 103 601 43
216 157 967 482
973 678 164 212
748 103 653 478
409 494 985 651
951 159 621 723
714 323 869 684
74 822 684 910
325 326 70 976
616 119 950 493
642 833 725 659
300 520 230 926
340 27 446 23
929 550 409 737
829 202 868 224
247 44 921 322
736 80 569 45
383 448 943 210
642 524 799 556
155 713 672 371
706 211 87 264
633 295 141 279
399 791 660 892
487 392 429 489
976 482 834 79
774 922 132 316
395 172 725 468
757 72 190 508
84 557 168 830
444 849 991 736
602 132 673 715
198 402 576 864
876 61 640 59
489 462 697 459
196 452 90 630
778 58 478 550
770 788 960 884
259 502 779 346
477 239 356 593
406 226 611 59
295 156 549 698
505 945 621 546
977 480 134 364
530 486 198 16
473 722 643 843
665 504 439 418
887 926 604 608
993 343 91 592
923 191 211 98
419 950 167 429
300 35 477 839
370 295 848 602
41 880 110 585
95 550 167 946
640 394 995 433
602 51 876 121
578 459 30 739
512 716 63 629
816 8 49 457
826 100 333 300
468 284 173 588
736 400 438 845
303 278 451 915
168 228 717 726
485 66 305 193
220 131 118 930
202 68 333 15
748 437 692 770
671 630 446 112
267 395 501 575
802 816 459 954
193 665 860 402
916 818 169 90
481 98 565 23
586 986 916 895
731 440 232 154
688 518 960 565
600 385 608 883
120 47 201 26
740 150 721 493
234 550 255 987
821 23 160 283
927 194 616 287
385 901 240 581
502 428 506 509
984 92 40 948
875 0 73 573
867 187 769 333
693 313 599 599
124 414 904 704
548 728 184 239
729 566 692 987
914 590 491 905
635 922 897 7
772 628 456 705
863 314 761 927
413 85 128 361
671 829 985 392
629 296 785 206
721 504 56 672
882 211 687 956
332 624 219 567
687 493 154 660
285 819 848 200
495 764 272 488
878 252 67 271
71 17 998 953
823 252 905 232
223 530 583 11
982 615 494 575
84 961 533 358
875 399 262 159
422 599 607 285
153 470 29 571
770 73 156 785
590 891 948 996
913 902 647 606
621 376 923 51
80 576 487 341
274 845 826 796
386 419 481 973
828 198 308 669
774 63 936 217
361 174 376 695
913 750 789 911
429 775 82 192
630 628 226 571
358 689 647 584
123 338 585 490
993 45 702 330
619 603 846 234
242 786 77 932
107 426 862 275
348 397 859 847
971 827 478 863
622 755 715 321
977 53 728 356
892 456 804 365
114 274 394 325
572 403 117 583
693 880 327 61
4 947 134 804
457 661 259 234
624 553 961 825
87 339 935 258
750 723 20 685
173 133 811 85
575 86 950 922
174 242 95 382
62 51 1 237
124 146 761 420
474 705 310 210
837 254 1 709
646 109 837 311
544 894 326 873
51 471 810 603
780 471 777 526
184 367 603 757
614 239 28 295
104 261 227 108
83 512 738 66
163 159 97 682
899 609 382 395
562 347 156 527
775 446 221 514
252 511 128 94
391 496 147 280
629 851 997 966
353 282 197 514
145 483 388 88
715 442 487 280
332 59 519 13
458 12 126 979
436 468 678 327
387 11 484 875
447 168 952 683
74 428 957 881
895 783 953 845
713 356 656 867
831 978 199 90
845 51 262 94
562 958 309 94
557 673 158 738
368 306 620 598
894 46 390 154
17 249 96 466
720 945 909 174
974 26 550 387
546 292 188 780
441 46 787 38
86 77 820 779
876 198 953 787
901 667 412 359
967 710 494 62
769 301 993 222
691 979 761 450
733 659 325 191
330 279 8 814
496 118 371 540
274 648 201 782
275 356 975 600
864 552 380 335
897 951 55 749
949 931 366 222
271 705 481 935
391 222 93 228
748 301 373 932
483 845 884 400
267 154 182 848
146 691 977 11
456 1 421 968
213 480 364 626
812 324 144 541
448 905 982 98
520 15 419 981
542 865 633 643
84 187 303 769
222 457 597 266
54 893 675 103
384 699 612 463
300 849 158 735
579 757 150 75
568 484 942 323
284 767 558 479
636 507 116 553
65 337 137 572
263 313 697 701
10 751 543 670
237 615 488 474
90 223 850 182
703 789 954 806
171 544 364 984
385 307 882 593
524 963 478 353
357 640 405 962
19 814 49 466
768 463 775 283
846 66 63 342
449 767 369 175
877 244 171 925
660 616 744 568
742 566 852 383
306 868 605 915
651 521 54 61
920 182 168 939
592 530 919 799
351 563 495 232
999 594 215 573
711 398 524 225
519 125 512 934
359 69 602 396
560 102 242 516
117 119 780 585
482 311 986 28
932 105 9 908
252 34 361 205
460 265 981 371
959 901 756 43
794 284 663 5
421 520 938 781
810 508 140 539
310 517 787 287
720 61 43 835
827 188 726 545
122 198 69 157
384 651 718 487
151 594 926 236
831 157 758 361
726 39 786 143
801 250 695 74
897 23 835 273
842 491 927 2
763 417 216 499
391 802 294 281
909 279 55 386
390 85 880 517
178 430 535 288
69 39 346 759
751 11 528 754
703 555 417 997
953 364 640 902
423 523 792 383
33 786 11 592
551 138 582 290
185 826 465 647
470 879 126 836
45 560 32 998
510 844 889 477
782 314 991 935
270 716 352 755
847 218 776 92
285 683 72 504
363 745 569 718
919 87 265 642
505 820 8 386
99 62 836 310
977 405 871 714
966 158 595 24
929 98 34 141
545 9 4 340
3 768 111 220
151 124 700 24
133 721 905 613
498 348 716 172
965 237 401 897
257 783 765 889
98 485 140 555
797 223 643 24
385 563 422 473
956 404 470 49
757 204 208 819
892 260 3 248
970 73 571 70
175 932 98 979
668 388 568 179
935 114 221 113
589 77 563 850
505 298 744 73
805 985 77 593
597 690 88 291
231 503 833 810
679 893 47 435
467 435 869 191
407 887 371 970
109 133 412 711
84 166 72 910
493 946 532 703
607 644 168 745
917 49 2 54
711 597 249 433
35 170 498 981
692 934 44 881
491 983 57 920
298 939 76 306
360 645 891 453
93 222 731 61
567 642 497 134
608 34 60 764
98 905 598 530
635 738 165 801
373 265 126 251
558 973 454 287
402 692 72 310
213 755 861 750
806 886 28 915
502 843 278 716
207 368 643 102
575 649 990 539
827 501 265 843
351 548 710 863
79 147 761 561
636 522 68 279
895 475 829 600
673 294 956 343
1 803 330 546
658 577 181 464
166 147 262 357
601 571 871 13
614 354 616 14
71 188 145 718
919 222 952 307
288 4 777 248
357 540 731 423
490 560 875 454
993 204 20 897
453 559 998 925
155 703 859 268
743 838 226 439
105 864 561 663
725 762 468 193
491 312 400 802
202 943 263 15
478 40 475 103
533 575 687 210
597 108 577 713
365 331 559 919
933 629 226 557
840 569 797 35
840 705 191 272
920 655 937 600
971 865 320 455
95 28 917 748
84 259 673 57
235 348 310 730
918 694 993 108
907 540 801 645
726 898 146 226
106 503 138 967
733 545 596 465
72 553 521 392
356 671 900 779
118 795 666 749
275 880 836 713
44 259 958 42
507 803 307 440
273 165 572 480
997 962 40 883
838 8 984 246
47 291 123 669
357 417 644 36
936 5 198 176
687 710 643 393
114 150 999 311
118 516 424 79
503 456 587 745
83 361 31 875
312 54 563 748
914 111 596 473
879 707 319 607
594 674 175 665
124 389 330 597
565 917 328 877
416 992 361 751
339 305 871 710
944 151 697 974
339 3 875 422
651 876 700 926
763 623 286 89
918 437 515 739
927 165 988 208
128 200 759 605
178 809 485 486
488 21 537 263
914 609 158 865
262 965 864 741
728 157 173 623
601 304 288 578
683 62 691 198
862 319 337 379
230 893 13 240
607 622 506 235
213 549 822 495
942 69 586 122
534 914 192 147
82 209 990 111
52 607 771 665
959 581 671 79
972 693 625 587
635 460 589 745
933 120 102 596
837 321 997 25
505 198 154 715
74 643 771 311
710 548 359 100
331 319 323 610
769 660 725 50
540 759 822 363
273 374 678 808
404 828 765 830
229 812 21 457
775 171 77 150
452 46 388 141
863 288 559 941
466 593 108 670
845 202 190 182
540 614 263 760
311 868 240 278
462 839 698 105
284 641 478 972
372 608 941 965
715 920 582 94
416 246 30 346
939 760 608 346
160 364 696 19
871 580 9 902
852 241 763 344
5 16 924 74
914 572 73 276
551 977 200 496
216 280 373 217
426 181 184 612
176 904 303 605
141 134 195 488
723 382 591 844
508 801 831 598
471 600 367 453
337 235 986 179
23 458 275 282
645 203 120 516
160 66 124 483
717 711 881 416
184 850 285 823
725 384 355 377
775 462 52 633
831 343 925 926
599 367 888 731
192 434 913 236
311 841 187 138
684 355 45 509
436 202 88 305
881 175 351 578
924 720 447 508
412 196 755 381
594 823 46 97
534 289 23 150
223 258 921 370
64 872 904 159
151 251 293 858
282 615 466 501
461 748 340 187
888 987 291 452
53 470 421 336
954 968 88 451
3 62 165 178
128 395 18 326
760 301 584 310
735 46 654 846
348 605 342 394
687 202 984 329
874 263 732 625
178 991 515 34
40 134 249 406
961 193 575 713
929 90 413 736
273 802 793 811
918 576 635 135
589 721 460 744
380 948 775 878
924 422 413 126
310 174 673 867
491 864 353 940
753 728 104 71
512 158 280 666
628 998 562 392
357 187 150 708
922 707 736 666
778 438 50 994
579 936 529 120
372 405 783 587
6 113 696 669
709 997 193 128
452 300 903 118
620 106 545 555
224 391 896 310
653 429 895 244
37 39 702 763
860 339 125 646
574 603 325 970
150 708 166 824
311 741 752 278
763 57 241 784
134 29 587 300
185 644 3 317
363 801 797 359
443 981 485 704
744 304 530 487
42 220 468 994
563 450 845 848
33 255 971 663
921 3 364 506
637 27 969 150
534 502 125 983
902 795 951 714
585 655 311 767
799 925 201 663
468 625 308 233
134 855 649 280
195 871 776 930
920 829 26 890
547 181 626 302
926 701 382 640
183 297 600 739
402 336 885 250
237 53 19 80
927 100 389 560
646 292 32 329
755 961 10 83
179 737 700 679
410 407 897 148
239 381 708 173
515 877 438 579
412 696 943 128
94 494 204 176
538 760 5 614
649 603 596 365
398 727 27 816
364 669 733 496
919 158 539 841
298 822 196 11
519 306 941 501
498 766 93 704
170 788 514 949
784 564 65 52
809 348 802 815
359 762 600 351
223 666 395 407
82 914 872 352
480 295 501 622
11 864 443 592
379 99 228 475
902 731 985 817
784 678 786 212
695 733 933 95
780 55 485 610
395 593 41 123
535 353 871 490
577 661 320 0
780 427 829 624
49 290 366 858
89 449 643 78
679 569 130 383
98 801 891 925
39 108 485 414
447 390 525 487
549 4 65 327
10 609 547 718
446 970 628 462
704 732 352 85
504 572 478 585
140 427 711 136
306 678 40 991
851 830 300 284
790 543 460 221
634 632 554 390
666 728 218 649
991 815 107 113
269 5 2 603
651 840 754 397
276 651 28 335
196 952 146 519
62 639 586 985
593 985 288 458
779 374 145 497
8 412 920 645
25 297 993 131
75 249 147 527
29 602 725 883
753 92 408 190
932 43 907 393
643 469 673 803
210 531 33 216
723 410 959 809
988 872 774 509
831 55 191 776
858 257 753 262
948 849 795 358
603 833 275 246
204 202 905 615
107 945 190 82
253 510 45 713
474 497 269 301
647 289 687 427
936 432 715 712
260 69 293 545
795 158 243 274
56 793 853 596
506 97 513 516
959 464 291 663
73 234 72 774
233 935 125 826
910 490 886 896
680 634 529 592
787 954 663 324
19 306 684 850
613 141 314 732
919 663 115 131
757 530 48 213
586 322 986 382
474 527 923 740
536 81 317 587
343 56 170 603
780 169 451 919
388 521 494 634
771 331 852 330
846 985 26 537
369 244 916 18
900 706 22 317
968 791 189 537
136 269 330 628
804 402 440 361
996 188 921 977
316 678 391 954
241 477 721 626
279 347 75 21
478 983 32 984
663 185 620 803
663 400 190 660
41 503 103 92
374 288 778 496
752 507 914 682
933 273 42 492
207 441 959 238
722 924 75 324
408 208 137 164
704 534 111 639
748 926 62 823
843 829 902 511
803 242 295 248
741 964 186 272
980 267 476 54
437 294 940 936
35 474 172 123
529 861 257 659
510 397 960 392
612 583 608 942
381 657 866 449
152 8 252 816
678 678 288 360
279 843 836 78
972 436 582 631
551 862 858 281
682 402 865 946
839 454 749 595
806 588 622 79
475 907 396 412
26 295 973 157
866 858 574 700
105 991 977 147
650 939 53 509
208 687 571 981
15 744 787 576
193 153 978 65
264 297 58 91
523 720 305 780
566 689 350 449
977 595 295 348
134 533 745 319
874 928 616 43
506 408 900 85
427 861 377 827
529 606 216 757
727 945 102 511
623 691 935 214
693 112 158 506
901 134 671 782
773 162 732 622
688 869 464 534
294 365 163 778
305 746 151 797
120 499 936 807
525 813 227 50
17 362 374 605
546 693 644 757
524 315 415 764
928 543 645 276
420 596 154 37
218 573 749 256
61 511 647 575
565 308 643 751
783 833 439 757
308 511 480 584
244 32 924 499
99 619 141 744
524 777 726 179
647 95 998 456
997 273 729 370
799 579 247 152
287 377 744 137
135 408 691 328
19 445 760 80
662 321 998 249
457 871 216 908
123 125 429 60
255 75 473 865
461 680 924 645
297 272 101 222
16 923 646 851
592 572 52 929
991 356 776 661
98 879 706 797
894 62 256 577
311 435 855 57
548 507 745 568
936 241 351 546
295 294 959 691
250 976 268 236
274 62 404 977
108 83 153 417
338 736 676 346
437 286 836 730
704 748 974 405
440 463 594 755
781 279 854 686
708 76 679 159
302 428 463 562
336 997 645 879
742 94 690 408
96 824 459 883
575 608 939 985
679 524 39 434
756 146 514 72
931 108 950 452
703 928 672 617
731 391 684 94
149 488 56 548
759 683 751 301
157 360 713 35
326 980 0 569
614 360 958 44
631 31 654 788
916 158 845 239
426 692 942 722
677 240 201 945
461 591 375 292
5 629 586 115
462 454 996 76
356 276 26 45
489 560 916 189
907 608 708 313
224 39 283 65
75 569 13 190
166 269 493 128
192 500 59 111
524 940 491 328
535 491 979 872
595 219 110 658
407 184 30 956
464 964 498 486
904 49 93 958
882 100 930 695
259 286 500 372
1 741 757 465
469 550 975 318
698 513 280 856
350 821 597 356
439 385 804 152
262 889 68 4
334 775 336 157
429 789 258 455
813 837 956 18
35 635 329 58
599 862 975 274
449 348 874 804
630 608 978 141
699 778 238 936
148 162 87 358
232 567 851 490
316 360 815 111
575 689 679 447
377 422 971 231
702 528 153 653
485 239 971 411
234 925 664 959
396 913 648 491
640 123 536 718
765 548 539 866
753 910 240 624
69 845 763 216
660 775 115 330
698 283 89 164
866 195 761 161
209 313 865 728
991 240 703 432
216 496 853 177
830 797 419 356
30 687 768 981
435 258 252 227
764 497 913 475
269 232 171 816
275 22 475 72
449 562 714 551
789 93 59 623
393 614 213 895
660 957 377 16
411 388 963 374
351 867 92 850
601 537 737 636
233 924 846 90
90 439 823 911
216 199 649 231
6 268 706 918
663 317 766 62
951 806 574 813
699 480 944 927
921 548 785 388
631 883 366 789
628 283 815 955
800 907 31 144
912 693 490 848
336 728 251 256
732 96 182 509
804 374 284 638
842 431 623 163
13 519 610 867
540 859 385 288
125 994 321 472
133 879 397 819
538 582 970 13
821 920 740 626
881 266 656 369
414 208 675 531
308 720 137 981
233 34 908 269
905 146 653 856
53 760 729 44
664 450 235 863
203 148 379 239
582 603 391 164
804 48 476 842
706 96 504 268
402 416 910 848
114 905 380 577
10 732 609 816
307 753 971 944
546 780 721 236
505 14 356 322
884 636 428 556
131 905 637 374
725 265 662 939
515 235 26 398
945 824 775 972
636 584 934 856
756 415 516 851
196 53 891 604
622 450 530 434
734 933 802 358
604 207 14 316
775 802 324 522
677 979 185 970
217 663 874 123
498 433 497 347
205 575 506 812
82 406 468 715
167 804 110 495
958 857 525 459
277 244 291 583
846 466 896 52
359 649 225 46
614 111 403 264
962 135 614 175
439 547 155 280
144 228 29 20
489 501 333 807
455 395 139 37
188 931 796 539
479 276 694 154
243 402 783 723
423 74 303 407
378 741 258 850
719 420 197 956
439 486 899 388
702 503 253 628
169 517 718 902
457 174 816 299
369 101 690 371
26 179 974 46
610 996 931 468
437 50 704 441
967 972 232 504
941 420 721 768
378 428 511 846
64 389 160 298
621 674 826 437
16 199 625 622
680 205 98 81
640 593 685 450
816 545 206 643
910 806 437 139
704 961 323 426
611 94 449 149
534 533 721 303
880 857 673 138
172 429 460 320
276 300 610 45
486 462 199 448
225 835 645 182
905 232 374 127
717 320 578 810
86 449 387 975
979 752 606 817
824 322 281 415
294 761 578 518
524 698 576 398
94 439 962 18
315 637 347 944
695 345 739 727
678 357 527 883
195 169 945 272
656 472 412 16
483 580 297 901
565 452 659 733
228 834 401 893
630 629 811 575
274 149 209 244
863 142 500 95
186 342 415 236
11 741 697 930
463 914 291 571
603 875 217 330
269 141 88 168
924 987 476 550
249 1 372 465
627 610 657 644
593 127 731 44
289 885 925 762
8 406 882 132
759 652 48 643
453 859 503 968
878 735 998 989
405 922 487 160
654 827 453 354
257 216 239 865
785 598 632 408
244 324 240 552
357 674 677 932
973 285 711 534
192 516 597 974
202 424 718 705
453 41 525 486
835 675 496 341
95 26 881 21
103 196 317 689
758 188 178 175
585 60 983 580
443 974 349 853
509 798 598 750
716 335 80 56
696 933 926 528
992 269 568 68
323 13 774 122
321 316 602 881
744 294 255 606
893 238 183 585
657 766 304 968
795 835 225 9
382 454 234 808
436 508 918 30
202 973 725 169
676 714 256 271
228 823 433 466
408 930 807 409
748 537 23 589
599 592 761 895
837 796 192 868
634 841 384 480
771 296 326 778
322 42 852 821
741 868 18 229
238 410 347 277
875 600 295 151
566 873 867 413
448 744 431 399
645 345 763 835
157 817 157 55
693 275 178 199
981 26 644 157
511 837 784 696
2 489 654 568
158 183 824 846
833 552 183 474
368 155 648 972
182 339 745 58
36 475 987 910
857 716 725 600
140 248 630 324
109 514 841 452
337 871 422 822
199 263 377 682
187 813 868 16
285 759 898 478
688 117 507 557
414 114 506 175
593 439 63 698
12 799 521 570
216 464 408 435
77 475 189 947
476 554 991 967
486 30 684 794
869 680 19 503
298 159 738 477
105 704 483 276
448 692 790 742
974 389 727 64
346 419 385 98
68 692 714 134
967 700 865 714
811 673 452 254
425 686 850 939
133 856 444 27
151 439 67 120
996 786 135 628
869 162 588 118
92 446 941 436
97 553 97 874
730 5 401 250
613 566 28 890
15 897 371 377
310 26 315 505
830 846 663 616
844 250 588 702
285 718 260 429
399 811 242 540
848 903 661 906
961 773 262 172
261 746 706 564
54 697 134 441
723 391 170 582
471 556 725 61
545 469 345 496
891 453 437 942
762 537 230 874
120 776 614 648
952 16 712 19
143 604 187 10
82 497 229 553
738 494 599 911
298 75 908 602
73 80 286 762
980 326 878 40
190 182 503 159
257 757 493 248
689 987 138 479
444 153 694 44
924 567 372 173
95 9 227 613
888 601 328 637
591 900 583 106
50 661 812 113
126 528 6 241
807 140 481 807
576 209 956 514
864 551 245 404
189 755 111 815
267 20 244 935
716 828 425 973
271 4 280 843
134 838 518 822
409 271 132 573
899 63 139 902
348 75 993 71
727 419 907 657
920 516 637 234
731 244 753 207
332 115 144 377
686 925 185 946
318 564 355 349
870 278 317 401
971 11 499 560
276 195 953 412
11 318 330 230
806 685 90 793
570 806 49 473
44 258 684 271
436 411 96 137
299 854 555 355
248 182 783 184
893 914 404 818
748 995 509 695
464 657 937 465
281 587 24 828
638 719 165 712
909 510 762 996
234 603 481 345
432 636 776 164
639 19 591 13
354 464 93 109
667 872 956 121
515 54 488 452
630 771 600 274
855 840 127 91
638 78 3 380
440 987 308 831
864 694 735 380
664 128 787 276
649 18 836 156
130 286 139 804
764 595 724 920
921 376 784 920
889 129 40 515
673 985 52 332
562 735 143 630
39 263 265 77
16 209 880 77
869 298 152 238
356 496 967 125
811 787 476 952
95 505 414 637
143 476 66 308
158 751 259 877
673 685 250 691
745 335 951 537
356 44 704 192
20 517 233 505
229 559 308 904
691 550 166 637
233 668 467 438
536 950 724 222
341 731 673 537
766 93 901 299
282 918 99 847
941 704 509 80
473 214 766 636
957 866 867 389
271 636 538 758
406 669 860 433
606 661 781 11
782 552 221 295
62 982 77 259
505 41 526 126
602 176 7 184
531 383 793 585
715 769 580 849
804 26 827 471
39 110 630 867
643 214 478 819
909 547 357 65
93 779 607 234
396 368 254 841
39 996 588 396
109 606 657 917
654 320 776 778
947 716 338 248
195 633 965 529
33 331 382 988
76 454 409 181
20 678 801 62
362 77 968 328
717 780 807 218
385 863 894 885
242 21 501 935
553 393 860 734
436 16 804 255
687 19 877 227
902 518 679 626
484 369 462 620
896 419 301 943
47 762 444 824
156 911 185 549
628 54 80 347
835 838 260 957
54 771 139 827
699 275 867 516
37 111 204 243
420 918 677 312
928 120 388 729
768 505 923 10
324 89 779 929
682 35 572 703
992 83 799 813
506 621 637 136
636 115 296 538
644 713 54 749
581 541 825 666
970 550 250 169
858 67 660 549
529 288 281 574
821 286 228 264
193 423 112 448
240 495 437 655
127 158 352 428
381 150 151 284
512 786 641 60
145 51 487 772
967 481 457 662
990 832 205 255
876 329 551 223
41 250 688 950
287 32 554 171
350 58 407 789
777 745 720 490
86 818 323 100
731 97 960 360
279 188 937 302
419 791 419 166
304 909 273 143
312 271 453 897
150 695 869 279
615 628 560 576
26 634 587 869
524 320 79 46
576 282 131 39
697 331 568 432
669 183 850 782
214 833 658 418
420 24 45 707
361 736 741 150
552 621 1 663
54 0 927 426
453 371 30 787
809 586 192 318
209 612 8 513
959 399 449 399
220 698 190 86
953 208 446 344
996 468 726 862
427 979 548 170
614 838 92 182
676 149 417 558
271 806 685 787
810 378 933 518
669 949 744 135
474 34 832 898
742 186 830 473
301 671 183 132
380 453 73 775
332 998 63 46
910 238 234 680
53 762 307 504
483 838 94 356
938 15 301 323
111 254 91 946
246 288 722 359
643 698 540 308
190 202 299 167
978 806 957 293
119 945 413 661
126 397 192 226
991 458 244 69
26 323 28 283
67 239 338 794
530 34 91 267
20 507 64 649
541 478 963 698
750 652 133 352
298 542 439 560
491 621 52 107
262 901 741 148
726 542 400 571
180 551 851 387
791 930 621 73
519 243 678 627
911 124 153 885
676 784 580 736
554 883 987 267
643 740 410 636
842 218 226 690
368 970 648 63
637 282 595 363
897 115 831 384
931 96 627 121
665 118 264 803
951 17 925 735
403 956 928 607
34 59 621 876
985 681 622 204
249 909 922 843
516 940 731 427
223 355 156 977
429 97 489 209
585 95 463 408
488 410 850 80
194 952 846 986
466 567 762 110
264 760 98 186
438 408 800 85
609 310 30 632
318 472 638 438
188 127 597 296
143 593 294 506
999 136 446 680
392 39 525 898
671 825 26 691
869 441 695 55
726 792 293 53
908 275 847 484
898 334 131 554
41 333 965 518
883 469 774 14
323 35 442 95
203 542 595 942
843 294 249 582
914 209 125 591
385 961 848 710
300 479 83 844
537 437 679 261
819 883 671 631
578 530 652 749
88 841 406 439
888 255 488 805
736 899 930 677
520 126 173 683
63 156 998 757
493 840 807 48
893 959 189 327
259 446 590 551
393 375 126 514
43 267 92 450
971 868 103 414
904 611 620 931
6 407 719 898
754 839 666 664
126 580 560 120
779 237 331 117
969 168 161 598
862 439 765 534
266 892 752 955
355 109 41 151
288 762 616 326
778 382 570 212
825 776 920 847
71 786 89 606
376 674 50 9
155 264 202 727
659 49 557 992
722 56 651 535
37 115 137 741
938 71 981 886
276 612 349 793
991 443 720 875
134 305 742 280
916 959 207 867
683 412 567 987
543 494 827 375
831 590 291 711
573 331 457 985
562 826 307 944
786 201 550 912
115 815 489 313
589 280 386 290
761 692 981 753
380 756 544 413
990 758 408 419
425 225 627 417
854 425 327 530
20 397 369 398
881 468 123 82
346 271 937 337
161 365 661 639
31 806 400 645
861 73 342 982
80 671 219 492
114 732 771 0
253 273 449 509
942 755 701 719
973 27 974 860
432 591 611 534
64 965 21 657
68 858 476 733
706 368 745 574
80 791 399 780
442 622 928 360
994 212 828 759
240 903 241 217
384 159 690 245
64 637 268 711
449 628 942 248
772 846 121 314
234 560 600 857
893 542 291 467
674 514 490 478
41 763 291 790
690 428 23 702
105 612 317 306
797 742 486 915
769 510 884 919
924 99 371 436
772 960 106 824
229 964 139 219
853 931 39 536
458 296 152 260
96 337 146 225
406 83 384 913
932 597 963 24
176 506 139 628
759 443 375 454
208 799 995 214
304 68 920 94
954 772 109 836
357 82 803 561
753 68 969 75
567 526 827 218
756 44 775 141
252 779 675 573
520 374 159 47
906 708 430 875
573 178 366 86
64 768 507 219
352 362 951 374
608 415 383 335
487 302 459 758
70 149 407 695
803 619 186 688
699 192 784 824
236 336 999 546
230 434 620 836
358 584 971 627
439 938 170 268
818 72 360 10
975 917 412 217
383 627 182 574
84 340 301 827
702 649 336 28
493 890 135 376
51 205 918 179
506 668 934 625
712 671 832 119
95 264 741 11
460 94 81 406
545 265 180 21
230 369 764 921
389 992 958 979
484 259 732 904
656 749 863 995
528 121 650 351
965 626 462 989
87 77 490 419
285 925 960 136
396 180 548 853
992 180 950 273
847 934 376 191
904 806 842 78
599 616 169 254
846 520 711 676
730 317 741 118
59 872 857 247
40 231 901 713
249 137 816 963
348 350 109 923
527 292 455 528
161 920 46 251
791 525 934 972
338 403 125 892
918 177 534 273
819 523 703 756
219 863 656 746
6 124 403 347
994 130 224 939
358 870 240 961
227 203 910 613
651 617 16 615
275 473 127 183
523 853 847 735
571 294 341 802
580 871 314 219
204 305 853 499
384 69 612 16
853 401 761 535
463 576 881 276
417 978 995 110
879 917 98 985
868 958 544 555
107 466 470 322
869 77 301 234
611 235 982 798
87 291 2 440
529 930 214 425
900 266 676 863
218 621 244 58
649 177 185 375
998 142 863 469
361 726 231 831
453 882 417 848
516 838 156 914
762 943 945 85
548 215 368 375
658 716 691 279
437 365 989 124
347 808 905 981
433 652 568 2
818 957 338 400
680 771 474 824
969 573 2 356
609 883 242 327
734 535 513 48
720 650 563 301
565 873 788 200
525 892 163 439
122 749 721 281
251 860 823 165
453 177 762 345
794 837 171 545
387 247 138 991
121 763 188 958
514 554 660 103
606 958 898 320
228 931 387 250
681 719 531 700
939 461 170 450
38 775 345 784
30 471 535 153
569 321 378 754
810 208 918 446
663 691 993 926
973 467 861 937
270 334 604 750
737 890 423 216
443 380 228 630
194 579 500 353
906 736 88 628
101 424 812 551
260 229 971 724
912 209 555 404
568 696 631 833
576 960 519 390
19 497 166 573
264 360 357 329
714 637 780 565
645 288 581 661
27 178 800 253
821 746 532 579
176 101 582 678
286 955 96 225
649 409 536 535
993 994 816 33
671 63 773 884
470 491 584 173
762 786 546 703
784 436 194 657
610 791 431 262
31 131 470 649
586 399 616 632
757 611 88 142
250 298 176 64
522 461 306 530
40 381 306 199
752 698 103 383
34 915 528 831
394 195 336 551
992 143 161 522
500 724 979 120
148 733 283 260
174 209 668 12
273 671 265 556
236 644 681 509
753 839 124 78
600 229 940 861
743 672 697 541
922 75 571 553
357 412 901 601
119 451 584 366
241 128 985 54
79 785 580 590
666 528 420 367
2 994 31 898
587 725 425 558
779 231 157 744
959 538 794 855
63 992 912 567
556 860 849 968
24 141 988 22
946 653 652 460
687 517 459 825
447 20 393 829
60 49 334 420
376 898 915 645
174 863 120 890
695 171 163 755
874 480 252 1
436 698 80 899
716 489 895 529
199 667 228 789
228 131 784 265
407 278 2 303
756 341 191 717
112 412 325 865
753 367 191 547
872 990 717 711
347 45 228 83
136 149 986 358
600 821 923 502
963 438 450 407
105 716 214 265
830 836 958 538
984 129 921 615
447 932 485 185
819 517 638 281
671 780 911 808
537 998 613 80
222 456 51 246
852 856 219 595
628 252 635 15
900 334 816 641
794 145 909 701
856 394 169 63
553 979 748 391
728 865 596 973
110 622 872 703
84 968 170 10
767 868 619 209
884 69 312 666
716 415 166 67
892 468 72 675
986 346 552 247
873 657 176 904
367 846 563 331
295 94 29 958
401 35 298 139
96 816 443 17
283 26 516 19
921 976 122 743
796 755 847 792
708 950 291 455
273 10 822 338
298 355 83 365
874 546 522 994
635 998 882 536
172 470 86 665
988 286 601 29
293 507 945 476
125 278 231 968
571 177 773 775
911 641 530 928
177 843 662 91
105 929 183 697
412 240 836 413
343 754 571 968
992 781 864 961
601 761 511 369
621 612 421 615
540 591 781 417
301 524 495 965
953 394 378 747
902 645 456 724
688 868 959 43
547 550 302 990
653 527 828 44
298 590 260 850
396 713 606 596
351 162 331 503
937 932 124 990
110 240 188 713
439 128 861 647
121 72 702 774
688 737 568 664
316 151 132 449
926 68 942 789
676 106 492 611
582 829 974 699
673 791 728 566
304 949 359 910
718 208 187 415
509 872 21 765
253 5 54 775
417 693 677 911
29 155 76 447
601 752 779 422
476 266 280 711
851 874 654 685
46 801 341 703
608 385 653 210
419 800 470 412
502 337 402 747
788 719 5 41
491 75 230 244
81 395 463 785
669 551 585 454
862 723 454 407
623 107 758 733
342 70 130 27
356 277 951 806
545 266 175 269
748 814 455 437
38 731 31 795
665 303 205 803
883 527 122 868
774 621 826 811
748 710 36 578
694 607 703 698
488 52 469 947
924 714 492 429
302 101 1 237
584 895 463 556
222 403 832 54
321 690 502 919
800 529 971 780
71 572 868 895
912 764 235 371
550 85 611 761
875 640 212 837
198 808 822 443
452 473 130 709
849 397 444 375
265 634 711 607
541 614 783 306
29 169 72 971
67 951 370 572
944 594 781 219
752 290 100 308
329 453 497 549
690 639 527 720
947 943 417 148
891 992 743 400
262 756 400 970
322 522 641 666
63 175 466 111
372 637 878 925
805 341 318 297
232 569 700 203
412 80 244 796
974 743 255 472
336 145 554 337
964 195 616 777
540 591 945 344
421 564 752 937
408 712 831 976
266 643 464 51
379 496 491 209
362 752 944 97
978 701 96 510
602 653 269 142
530 721 285 365
241 602 506 601
322 497 353 944
486 71 275 896
102 199 803 486
572 661 945 207
138 571 749 876
692 876 22 914
331 887 202 180
952 621 815 17
910 976 247 484
32 443 555 114
816 348 850 103
414 458 473 891
440 801 725 154
455 943 593 32
813 501 10 699
355 504 178 452
797 428 737 560
300 924 673 968
232 203 869 660
393 731 630 978
709 164 668 324
351 284 432 615
210 818 681 794
881 232 909 94
953 964 643 661
105 464 766 295
498 689 464 472
500 927 890 755
951 198 114 867
768 544 399 615
267 62 692 66
801 315 375 640
349 68 237 912
250 729 579 45
235 946 863 766
864 485 224 0
795 262 142 124
315 267 956 908
879 398 80 792
183 703 811 379
725 250 160 749
324 666 316 401
859 421 771 474
794 393 734 374
682 18 486 20
970 895 843 724
365 721 280 47
0 813 370 957
894 591 938 503
949 448 585 315
214 433 312 299
96 934 588 69
208 963 106 866
281 225 96 657
978 884 487 237
558 432 694 105
219 129 804 802
561 91 46 803
852 230 357 78
429 261 915 240
677 203 519 679
707 867 685 6
603 271 220 654
605 897 851 675
69 116 560 418
8 594 928 812
780 447 354 649
837 946 205 117
906 923 174 230
21 966 816 856
201 541 63 834
328 3 443 581
283 95 979 270
131 476 613 52
326 33 251 443
762 886 90 781
985 891 249 937
999 1 698 677
724 311 28 441
817 109 213 437
532 439 498 153
20 994 52 257
633 77 83 96
360 292 23 794
489 720 483 410
579 580 897 918
10 185 739 496
330 533 690 15
871 453 964 93
179 506 419 324
838 979 232 180
812 764 529 828
826 74 195 635
57 654 543 431
945 759 12 933
848 656 974 715
246 798 481 228
686 473 90 554
317 705 29 149
824 180 473 804
811 781 791 671
782 251 720 966
29 553 757 622
686 910 591 722
292 903 811 744
113 185 628 431
927 986 318 214
963 309 26 937
272 373 213 829
646 634 931 741
275 601 642 982
287 694 746 256
360 105 755 848
134 916 668 153
359 850 159 85
523 632 720 177
884 898 391 325
588 91 6 792
532 775 233 753
553 767 905 505
705 626 718 647
804 459 611 795
356 865 114 167
266 422 594 385
653 670 30 417
742 976 974 141
774 508 950 707
80 56 290 457
646 499 925 499
360 297 936 412
819 769 643 402
268 98 864 859
754 3 393 617
261 588 902 752
854 437 838 754
826 930 527 830
13 392 39 518
84 352 168 438
477 0 890 583
243 735 509 18
254 859 761 250
125 419 170 984
158 982 804 799
442 491 586 397
506 335 233 120
494 615 396 488
873 491 227 136
450 596 538 111
311 391 405 273
58 983 400 205
87 298 109 816
434 845 722 805
475 816 699 754
954 246 293 994
46 740 262 689
76 17 524 816
400 607 126 977
612 586 689 789
134 77 812 856
488 446 120 518
320 881 838 773
79 829 551 156
179 519 408 734
354 152 464 396
469 598 503 238
552 707 514 183
775 373 849 763
439 965 409 331
290 361 255 986
105 63 274 739
897 929 982 982
860 0 476 379
93 694 989 101
893 631 780 811
482 280 829 842
695 494 782 963
139 599 295 803
658 85 474 307
612 810 555 391
820 696 468 657
50 302 104 728
587 436 502 271
467 237 135 113
818 113 353 890
493 716 502 77
660 423 110 929
454 571 628 683
335 5 46 368
529 634 590 678
110 348 830 338
849 783 4 20
99 247 472 230
998 240 695 874
331 405 666 22
509 103 928 936
957 818 732 721
980 417 405 330
751 548 329 901
688 313 631 583
79 107 498 218
24 535 279 315
591 197 415 867
542 327 861 97
706 408 463 368
852 736 683 840
911 39 450 738
261 949 572 3
455 893 655 659
608 42 378 460
589 470 488 621
413 894 735 652
577 772 531 441
175 603 464 603
755 599 923 723
272 726 814 675
717 696 628 458
894 873 140 393
897 93 991 302
475 499 480 949
693 648 452 735
39 295 63 470
672 435 359 250
258 412 826 327
45 274 192 677
233 379 239 814
131 268 394 59
492 263 141 372
289 627 418 730
806 216 64 894
702 583 811 474
527 701 256 553
140 904 914 634
114 740 610 840
898 756 42 149
666 910 190 282
468 823 614 607
287 722 979 548
163 825 477 722
650 950 716 959
64 673 665 603
977 98 785 799
870 64 440 786
438 593 313 772
878 562 102 997
380 78 701 928
873 391 208 946
799 552 110 702
617 799 533 336
951 754 800 75
397 747 748 992
562 813 278 770
952 35 235 612
650 617 378 233
393 669 144 262
970 795 457 316
406 82 316 199
153 4 335 116
263 540 356 707
662 79 263 519
378 901 861 375
712 604 809 974
913 356 395 674
510 954 875 318
119 769 124 902
713 288 421 790
152 194 81 250
615 257 118 272
726 895 373 927
413 552 477 779
872 380 772 854
263 781 824 452
708 694 129 365
458 499 791 499
429 400 38 441
999 89 742 858
962 939 402 212
479 277 617 382
257 465 109 859
868 745 395 248
41 563 94 657
301 108 671 517
