5000
0 0 0 2500
0 0 2500 0
1 0 1 2500
0 1 2500 1
2 0 2 2500
0 2 2500 2
3 0 3 2500
0 3 2500 3
4 0 4 2500
0 4 2500 4
5 0 5 2500
0 5 2500 5
6 0 6 2500
0 6 2500 6
7 0 7 2500
0 7 2500 7
8 0 8 2500
0 8 2500 8
9 0 9 2500
0 9 2500 9
10 0 10 2500
0 10 2500 10
11 0 11 2500
0 11 2500 11
12 0 12 2500
0 12 2500 12
13 0 13 2500
0 13 2500 13
14 0 14 2500
0 14 2500 14
15 0 15 2500
0 15 2500 15
16 0 16 2500
0 16 2500 16
17 0 17 2500
0 17 2500 17
18 0 18 2500
0 18 2500 18
19 0 19 2500
0 19 2500 19
20 0 20 2500
0 20 2500 20
21 0 21 2500
0 21 2500 21
22 0 22 2500
0 22 2500 22
23 0 23 2500
0 23 2500 23
24 0 24 2500
0 24 2500 24
25 0 25 2500
0 25 2500 25
26 0 26 2500
0 26 2500 26
27 0 27 2500
0 27 2500 27
28 0 28 2500
0 28 2500 28
29 0 29 2500
0 29 2500 29
30 0 30 2500
0 30 2500 30
31 0 31 2500
0 31 2500 31
32 0 32 2500
0 32 2500 32
33 0 33 2500
0 33 2500 33
34 0 34 2500
0 34 2500 34
35 0 35 2500
0 35 2500 35
36 0 36 2500
0 36 2500 36
37 0 37 2500
0 37 2500 37
38 0 38 2500
0 38 2500 38
39 0 39 2500
0 39 2500 39
40 0 40 2500
0 40 2500 40
41 0 41 2500
0 41 2500 41
42 0 42 2500
0 42 2500 42
43 0 43 2500
0 43 2500 43
44 0 44 2500
0 44 2500 44
45 0 45 2500
0 45 2500 45
46 0 46 2500
0 46 2500 46
47 0 47 2500
0 47 2500 47
48 0 48 2500
0 48 2500 48
49 0 49 2500
0 49 2500 49
50 0 50 2500
0 50 2500 50
51 0 51 2500
0 51 2500 51
52 0 52 2500
0 52 2500 52
53 0 53 2500
0 53 2500 53
54 0 54 2500
0 54 2500 54
55 0 55 2500
0 55 2500 55
56 0 56 2500
0 56 2500 56
57 0 57 2500
0 57 2500 57
58 0 58 2500
0 58 2500 58
59 0 59 2500
0 59 2500 59
60 0 60 2500
0 60 2500 60
61 0 61 2500
0 61 2500 61
62 0 62 2500
0 62 2500 62
63 0 63 2500
0 63 2500 63
64 0 64 2500
0 64 2500 64
65 0 65 2500
0 65 2500 65
66 0 66 2500
0 66 2500 66
67 0 67 2500
0 67 2500 67
68 0 68 2500
0 68 2500 68
69 0 69 2500
0 69 2500 69
70 0 70 2500
0 70 2500 70
71 0 71 2500
0 71 2500 71
72 0 72 2500
0 72 2500 72
73 0 73 2500
0 73 2500 73
74 0 74 2500
0 74 2500 74
75 0 75 2500
0 75 2500 75
76 0 76 2500
0 76 2500 76
77 0 77 2500
0 77 2500 77
78 0 78 2500
0 78 2500 78
79 0 79 2500
0 79 2500 79
80 0 80 2500
0 80 2500 80
81 0 81 2500
0 81 2500 81
82 0 82 2500
0 82 2500 82
83 0 83 2500
0 83 2500 83
84 0 84 2500
0 84 2500 84
85 0 85 2500
0 85 2500 85
86 0 86 2500
0 86 2500 86
87 0 87 2500
0 87 2500 87
88 0 88 2500
0 88 2500 88
89 0 89 2500
0 89 2500 89
90 0 90 2500
0 90 2500 90
91 0 91 2500
0 91 2500 91
92 0 92 2500
0 92 2500 92
93 0 93 2500
0 93 2500 93
94 0 94 2500
0 94 2500 94
95 0 95 2500
0 95 2500 95
96 0 96 2500
0 96 2500 96
97 0 97 2500
0 97 2500 97
98 0 98 2500
0 98 2500 98
99 0 99 2500
0 99 2500 99
100 0 100 2500
0 100 2500 100
101 0 101 2500
0 101 2500 101
102 0 102 2500
0 102 2500 102
103 0 103 2500
0 103 2500 103
104 0 104 2500
0 104 2500 104
105 0 105 2500
0 105 2500 105
106 0 106 2500
0 106 2500 106
107 0 107 2500
0 107 2500 107
108 0 108 2500
0 108 2500 108
109 0 109 2500
0 109 2500 109
110 0 110 2500
0 110 2500 110
111 0 111 2500
0 111 2500 111
112 0 112 2500
0 112 2500 112
113 0 113 2500
0 113 2500 113
114 0 114 2500
0 114 2500 114
115 0 115 2500
0 115 2500 115
116 0 116 2500
0 116 2500 116
117 0 117 2500
0 117 2500 117
118 0 118 2500
0 118 2500 118
119 0 119 2500
0 119 2500 119
120 0 120 2500
0 120 2500 120
121 0 121 2500
0 121 2500 121
122 0 122 2500
0 122 2500 122
123 0 123 2500
0 123 2500 123
124 0 124 2500
0 124 2500 124
125 0 125 2500
0 125 2500 125
126 0 126 2500
0 126 2500 126
127 0 127 2500
0 127 2500 127
128 0 128 2500
0 128 2500 128
129 0 129 2500
0 129 2500 129
130 0 130 2500
0 130 2500 130
131 0 131 2500
0 131 2500 131
132 0 132 2500
0 132 2500 132
133 0 133 2500
0 133 2500 133
134 0 134 2500
0 134 2500 134
135 0 135 2500
0 135 2500 135
136 0 136 2500
0 136 2500 136
137 0 137 2500
0 137 2500 137
138 0 138 2500
0 138 2500 138
139 0 139 2500
0 139 2500 139
140 0 140 2500
0 140 2500 140
141 0 141 2500
0 141 2500 141
142 0 142 2500
0 142 2500 142
143 0 143 2500
0 143 2500 143
144 0 144 2500
0 144 2500 144
145 0 145 2500
0 145 2500 145
146 0 146 2500
0 146 2500 146
147 0 147 2500
0 147 2500 147
148 0 148 2500
0 148 2500 148
149 0 149 2500
0 149 2500 149
150 0 150 2500
0 150 2500 150
151 0 151 2500
0 151 2500 151
152 0 152 2500
0 152 2500 152
153 0 153 2500
0 153 2500 153
154 0 154 2500
0 154 2500 154
155 0 155 2500
0 155 2500 155
156 0 156 2500
0 156 2500 156
157 0 157 2500
0 157 2500 157
158 0 158 2500
0 158 2500 158
159 0 159 2500
0 159 2500 159
160 0 160 2500
0 160 2500 160
161 0 161 2500
0 161 2500 161
162 0 162 2500
0 162 2500 162
163 0 163 2500
0 163 2500 163
164 0 164 2500
0 164 2500 164
165 0 165 2500
0 165 2500 165
166 0 166 2500
0 166 2500 166
167 0 167 2500
0 167 2500 167
168 0 168 2500
0 168 2500 168
169 0 169 2500
0 169 2500 169
170 0 170 2500
0 170 2500 170
171 0 171 2500
0 171 2500 171
172 0 172 2500
0 172 2500 172
173 0 173 2500
0 173 2500 173
174 0 174 2500
0 174 2500 174
175 0 175 2500
0 175 2500 175
176 0 176 2500
0 176 2500 176
177 0 177 2500
0 177 2500 177
178 0 178 2500
0 178 2500 178
179 0 179 2500
0 179 2500 179
180 0 180 2500
0 180 2500 180
181 0 181 2500
0 181 2500 181
182 0 182 2500
0 182 2500 182
183 0 183 2500
0 183 2500 183
184 0 184 2500
0 184 2500 184
185 0 185 2500
0 185 2500 185
186 0 186 2500
0 186 2500 186
187 0 187 2500
0 187 2500 187
188 0 188 2500
0 188 2500 188
189 0 189 2500
0 189 2500 189
190 0 190 2500
0 190 2500 190
191 0 191 2500
0 191 2500 191
192 0 192 2500
0 192 2500 192
193 0 193 2500
0 193 2500 193
194 0 194 2500
0 194 2500 194
195 0 195 2500
0 195 2500 195
196 0 196 2500
0 196 2500 196
197 0 197 2500
0 197 2500 197
198 0 198 2500
0 198 2500 198
199 0 199 2500
0 199 2500 199
200 0 200 2500
0 200 2500 200
201 0 201 2500
0 201 2500 201
202 0 202 2500
0 202 2500 202
203 0 203 2500
0 203 2500 203
204 0 204 2500
0 204 2500 204
205 0 205 2500
0 205 2500 205
206 0 206 2500
0 206 2500 206
207 0 207 2500
0 207 2500 207
208 0 208 2500
0 208 2500 208
209 0 209 2500
0 209 2500 209
210 0 210 2500
0 210 2500 210
211 0 211 2500
0 211 2500 211
212 0 212 2500
0 212 2500 212
213 0 213 2500
0 213 2500 213
214 0 214 2500
0 214 2500 214
215 0 215 2500
0 215 2500 215
216 0 216 2500
0 216 2500 216
217 0 217 2500
0 217 2500 217
218 0 218 2500
0 218 2500 218
219 0 219 2500
0 219 2500 219
220 0 220 2500
0 220 2500 220
221 0 221 2500
0 221 2500 221
222 0 222 2500
0 222 2500 222
223 0 223 2500
0 223 2500 223
224 0 224 2500
0 224 2500 224
225 0 225 2500
0 225 2500 225
226 0 226 2500
0 226 2500 226
227 0 227 2500
0 227 2500 227
228 0 228 2500
0 228 2500 228
229 0 229 2500
0 229 2500 229
230 0 230 2500
0 230 2500 230
231 0 231 2500
0 231 2500 231
232 0 232 2500
0 232 2500 232
233 0 233 2500
0 233 2500 233
234 0 234 2500
0 234 2500 234
235 0 235 2500
0 235 2500 235
236 0 236 2500
0 236 2500 236
237 0 237 2500
0 237 2500 237
238 0 238 2500
0 238 2500 238
239 0 239 2500
0 239 2500 239
240 0 240 2500
0 240 2500 240
241 0 241 2500
0 241 2500 241
242 0 242 2500
0 242 2500 242
243 0 243 2500
0 243 2500 243
244 0 244 2500
0 244 2500 244
245 0 245 2500
0 245 2500 245
246 0 246 2500
0 246 2500 246
247 0 247 2500
0 247 2500 247
248 0 248 2500
0 248 2500 248
249 0 249 2500
0 249 2500 249
250 0 250 2500
0 250 2500 250
251 0 251 2500
0 251 2500 251
252 0 252 2500
0 252 2500 252
253 0 253 2500
0 253 2500 253
254 0 254 2500
0 254 2500 254
255 0 255 2500
0 255 2500 255
256 0 256 2500
0 256 2500 256
257 0 257 2500
0 257 2500 257
258 0 258 2500
0 258 2500 258
259 0 259 2500
0 259 2500 259
260 0 260 2500
0 260 2500 260
261 0 261 2500
0 261 2500 261
262 0 262 2500
0 262 2500 262
263 0 263 2500
0 263 2500 263
264 0 264 2500
0 264 2500 264
265 0 265 2500
0 265 2500 265
266 0 266 2500
0 266 2500 266
267 0 267 2500
0 267 2500 267
268 0 268 2500
0 268 2500 268
269 0 269 2500
0 269 2500 269
270 0 270 2500
0 270 2500 270
271 0 271 2500
0 271 2500 271
272 0 272 2500
0 272 2500 272
273 0 273 2500
0 273 2500 273
274 0 274 2500
0 274 2500 274
275 0 275 2500
0 275 2500 275
276 0 276 2500
0 276 2500 276
277 0 277 2500
0 277 2500 277
278 0 278 2500
0 278 2500 278
279 0 279 2500
0 279 2500 279
280 0 280 2500
0 280 2500 280
281 0 281 2500
0 281 2500 281
282 0 282 2500
0 282 2500 282
283 0 283 2500
0 283 2500 283
284 0 284 2500
0 284 2500 284
285 0 285 2500
0 285 2500 285
286 0 286 2500
0 286 2500 286
287 0 287 2500
0 287 2500 287
288 0 288 2500
0 288 2500 288
289 0 289 2500
0 289 2500 289
290 0 290 2500
0 290 2500 290
291 0 291 2500
0 291 2500 291
292 0 292 2500
0 292 2500 292
293 0 293 2500
0 293 2500 293
294 0 294 2500
0 294 2500 294
295 0 295 2500
0 295 2500 295
296 0 296 2500
0 296 2500 296
297 0 297 2500
0 297 2500 297
298 0 298 2500
0 298 2500 298
299 0 299 2500
0 299 2500 299
300 0 300 2500
0 300 2500 300
301 0 301 2500
0 301 2500 301
302 0 302 2500
0 302 2500 302
303 0 303 2500
0 303 2500 303
304 0 304 2500
0 304 2500 304
305 0 305 2500
0 305 2500 305
306 0 306 2500
0 306 2500 306
307 0 307 2500
0 307 2500 307
308 0 308 2500
0 308 2500 308
309 0 309 2500
0 309 2500 309
310 0 310 2500
0 310 2500 310
311 0 311 2500
0 311 2500 311
312 0 312 2500
0 312 2500 312
313 0 313 2500
0 313 2500 313
314 0 314 2500
0 314 2500 314
315 0 315 2500
0 315 2500 315
316 0 316 2500
0 316 2500 316
317 0 317 2500
0 317 2500 317
318 0 318 2500
0 318 2500 318
319 0 319 2500
0 319 2500 319
320 0 320 2500
0 320 2500 320
321 0 321 2500
0 321 2500 321
322 0 322 2500
0 322 2500 322
323 0 323 2500
0 323 2500 323
324 0 324 2500
0 324 2500 324
325 0 325 2500
0 325 2500 325
326 0 326 2500
0 326 2500 326
327 0 327 2500
0 327 2500 327
328 0 328 2500
0 328 2500 328
329 0 329 2500
0 329 2500 329
330 0 330 2500
0 330 2500 330
331 0 331 2500
0 331 2500 331
332 0 332 2500
0 332 2500 332
333 0 333 2500
0 333 2500 333
334 0 334 2500
0 334 2500 334
335 0 335 2500
0 335 2500 335
336 0 336 2500
0 336 2500 336
337 0 337 2500
0 337 2500 337
338 0 338 2500
0 338 2500 338
339 0 339 2500
0 339 2500 339
340 0 340 2500
0 340 2500 340
341 0 341 2500
0 341 2500 341
342 0 342 2500
0 342 2500 342
343 0 343 2500
0 343 2500 343
344 0 344 2500
0 344 2500 344
345 0 345 2500
0 345 2500 345
346 0 346 2500
0 346 2500 346
347 0 347 2500
0 347 2500 347
348 0 348 2500
0 348 2500 348
349 0 349 2500
0 349 2500 349
350 0 350 2500
0 350 2500 350
351 0 351 2500
0 351 2500 351
352 0 352 2500
0 352 2500 352
353 0 353 2500
0 353 2500 353
354 0 354 2500
0 354 2500 354
355 0 355 2500
0 355 2500 355
356 0 356 2500
0 356 2500 356
357 0 357 2500
0 357 2500 357
358 0 358 2500
0 358 2500 358
359 0 359 2500
0 359 2500 359
360 0 360 2500
0 360 2500 360
361 0 361 2500
0 361 2500 361
362 0 362 2500
0 362 2500 362
363 0 363 2500
0 363 2500 363
364 0 364 2500
0 364 2500 364
365 0 365 2500
0 365 2500 365
366 0 366 2500
0 366 2500 366
367 0 367 2500
0 367 2500 367
368 0 368 2500
0 368 2500 368
369 0 369 2500
0 369 2500 369
370 0 370 2500
0 370 2500 370
371 0 371 2500
0 371 2500 371
372 0 372 2500
0 372 2500 372
373 0 373 2500
0 373 2500 373
374 0 374 2500
0 374 2500 374
375 0 375 2500
0 375 2500 375
376 0 376 2500
0 376 2500 376
377 0 377 2500
0 377 2500 377
378 0 378 2500
0 378 2500 378
379 0 379 2500
0 379 2500 379
380 0 380 2500
0 380 2500 380
381 0 381 2500
0 381 2500 381
382 0 382 2500
0 382 2500 382
383 0 383 2500
0 383 2500 383
384 0 384 2500
0 384 2500 384
385 0 385 2500
0 385 2500 385
386 0 386 2500
0 386 2500 386
387 0 387 2500
0 387 2500 387
388 0 388 2500
0 388 2500 388
389 0 389 2500
0 389 2500 389
390 0 390 2500
0 390 2500 390
391 0 391 2500
0 391 2500 391
392 0 392 2500
0 392 2500 392
393 0 393 2500
0 393 2500 393
394 0 394 2500
0 394 2500 394
395 0 395 2500
0 395 2500 395
396 0 396 2500
0 396 2500 396
397 0 397 2500
0 397 2500 397
398 0 398 2500
0 398 2500 398
399 0 399 2500
0 399 2500 399
400 0 400 2500
0 400 2500 400
401 0 401 2500
0 401 2500 401
402 0 402 2500
0 402 2500 402
403 0 403 2500
0 403 2500 403
404 0 404 2500
0 404 2500 404
405 0 405 2500
0 405 2500 405
406 0 406 2500
0 406 2500 406
407 0 407 2500
0 407 2500 407
408 0 408 2500
0 408 2500 408
409 0 409 2500
0 409 2500 409
410 0 410 2500
0 410 2500 410
411 0 411 2500
0 411 2500 411
412 0 412 2500
0 412 2500 412
413 0 413 2500
0 413 2500 413
414 0 414 2500
0 414 2500 414
415 0 415 2500
0 415 2500 415
416 0 416 2500
0 416 2500 416
417 0 417 2500
0 417 2500 417
418 0 418 2500
0 418 2500 418
419 0 419 2500
0 419 2500 419
420 0 420 2500
0 420 2500 420
421 0 421 2500
0 421 2500 421
422 0 422 2500
0 422 2500 422
423 0 423 2500
0 423 2500 423
424 0 424 2500
0 424 2500 424
425 0 425 2500
0 425 2500 425
426 0 426 2500
0 426 2500 426
427 0 427 2500
0 427 2500 427
428 0 428 2500
0 428 2500 428
429 0 429 2500
0 429 2500 429
430 0 430 2500
0 430 2500 430
431 0 431 2500
0 431 2500 431
432 0 432 2500
0 432 2500 432
433 0 433 2500
0 433 2500 433
434 0 434 2500
0 434 2500 434
435 0 435 2500
0 435 2500 435
436 0 436 2500
0 436 2500 436
437 0 437 2500
0 437 2500 437
438 0 438 2500
0 438 2500 438
439 0 439 2500
0 439 2500 439
440 0 440 2500
0 440 2500 440
441 0 441 2500
0 441 2500 441
442 0 442 2500
0 442 2500 442
443 0 443 2500
0 443 2500 443
444 0 444 2500
0 444 2500 444
445 0 445 2500
0 445 2500 445
446 0 446 2500
0 446 2500 446
447 0 447 2500
0 447 2500 447
448 0 448 2500
0 448 2500 448
449 0 449 2500
0 449 2500 449
450 0 450 2500
0 450 2500 450
451 0 451 2500
0 451 2500 451
452 0 452 2500
0 452 2500 452
453 0 453 2500
0 453 2500 453
454 0 454 2500
0 454 2500 454
455 0 455 2500
0 455 2500 455
456 0 456 2500
0 456 2500 456
457 0 457 2500
0 457 2500 457
458 0 458 2500
0 458 2500 458
459 0 459 2500
0 459 2500 459
460 0 460 2500
0 460 2500 460
461 0 461 2500
0 461 2500 461
462 0 462 2500
0 462 2500 462
463 0 463 2500
0 463 2500 463
464 0 464 2500
0 464 2500 464
465 0 465 2500
0 465 2500 465
466 0 466 2500
0 466 2500 466
467 0 467 2500
0 467 2500 467
468 0 468 2500
0 468 2500 468
469 0 469 2500
0 469 2500 469
470 0 470 2500
0 470 2500 470
471 0 471 2500
0 471 2500 471
472 0 472 2500
0 472 2500 472
473 0 473 2500
0 473 2500 473
474 0 474 2500
0 474 2500 474
475 0 475 2500
0 475 2500 475
476 0 476 2500
0 476 2500 476
477 0 477 2500
0 477 2500 477
478 0 478 2500
0 478 2500 478
479 0 479 2500
0 479 2500 479
480 0 480 2500
0 480 2500 480
481 0 481 2500
0 481 2500 481
482 0 482 2500
0 482 2500 482
483 0 483 2500
0 483 2500 483
484 0 484 2500
0 484 2500 484
485 0 485 2500
0 485 2500 485
486 0 486 2500
0 486 2500 486
487 0 487 2500
0 487 2500 487
488 0 488 2500
0 488 2500 488
489 0 489 2500
0 489 2500 489
490 0 490 2500
0 490 2500 490
491 0 491 2500
0 491 2500 491
492 0 492 2500
0 492 2500 492
493 0 493 2500
0 493 2500 493
494 0 494 2500
0 494 2500 494
495 0 495 2500
0 495 2500 495
496 0 496 2500
0 496 2500 496
497 0 497 2500
0 497 2500 497
498 0 498 2500
0 498 2500 498
499 0 499 2500
0 499 2500 499
500 0 500 2500
0 500 2500 500
501 0 501 2500
0 501 2500 501
502 0 502 2500
0 502 2500 502
503 0 503 2500
0 503 2500 503
504 0 504 2500
0 504 2500 504
505 0 505 2500
0 505 2500 505
506 0 506 2500
0 506 2500 506
507 0 507 2500
0 507 2500 507
508 0 508 2500
0 508 2500 508
509 0 509 2500
0 509 2500 509
510 0 510 2500
0 510 2500 510
511 0 511 2500
0 511 2500 511
512 0 512 2500
0 512 2500 512
513 0 513 2500
0 513 2500 513
514 0 514 2500
0 514 2500 514
515 0 515 2500
0 515 2500 515
516 0 516 2500
0 516 2500 516
517 0 517 2500
0 517 2500 517
518 0 518 2500
0 518 2500 518
519 0 519 2500
0 519 2500 519
520 0 520 2500
0 520 2500 520
521 0 521 2500
0 521 2500 521
522 0 522 2500
0 522 2500 522
523 0 523 2500
0 523 2500 523
524 0 524 2500
0 524 2500 524
525 0 525 2500
0 525 2500 525
526 0 526 2500
0 526 2500 526
527 0 527 2500
0 527 2500 527
528 0 528 2500
0 528 2500 528
529 0 529 2500
0 529 2500 529
530 0 530 2500
0 530 2500 530
531 0 531 2500
0 531 2500 531
532 0 532 2500
0 532 2500 532
533 0 533 2500
0 533 2500 533
534 0 534 2500
0 534 2500 534
535 0 535 2500
0 535 2500 535
536 0 536 2500
0 536 2500 536
537 0 537 2500
0 537 2500 537
538 0 538 2500
0 538 2500 538
539 0 539 2500
0 539 2500 539
540 0 540 2500
0 540 2500 540
541 0 541 2500
0 541 2500 541
542 0 542 2500
0 542 2500 542
543 0 543 2500
0 543 2500 543
544 0 544 2500
0 544 2500 544
545 0 545 2500
0 545 2500 545
546 0 546 2500
0 546 2500 546
547 0 547 2500
0 547 2500 547
548 0 548 2500
0 548 2500 548
549 0 549 2500
0 549 2500 549
550 0 550 2500
0 550 2500 550
551 0 551 2500
0 551 2500 551
552 0 552 2500
0 552 2500 552
553 0 553 2500
0 553 2500 553
554 0 554 2500
0 554 2500 554
555 0 555 2500
0 555 2500 555
556 0 556 2500
0 556 2500 556
557 0 557 2500
0 557 2500 557
558 0 558 2500
0 558 2500 558
559 0 559 2500
0 559 2500 559
560 0 560 2500
0 560 2500 560
561 0 561 2500
0 561 2500 561
562 0 562 2500
0 562 2500 562
563 0 563 2500
0 563 2500 563
564 0 564 2500
0 564 2500 564
565 0 565 2500
0 565 2500 565
566 0 566 2500
0 566 2500 566
567 0 567 2500
0 567 2500 567
568 0 568 2500
0 568 2500 568
569 0 569 2500
0 569 2500 569
570 0 570 2500
0 570 2500 570
571 0 571 2500
0 571 2500 571
572 0 572 2500
0 572 2500 572
573 0 573 2500
0 573 2500 573
574 0 574 2500
0 574 2500 574
575 0 575 2500
0 575 2500 575
576 0 576 2500
0 576 2500 576
577 0 577 2500
0 577 2500 577
578 0 578 2500
0 578 2500 578
579 0 579 2500
0 579 2500 579
580 0 580 2500
0 580 2500 580
581 0 581 2500
0 581 2500 581
582 0 582 2500
0 582 2500 582
583 0 583 2500
0 583 2500 583
584 0 584 2500
0 584 2500 584
585 0 585 2500
0 585 2500 585
586 0 586 2500
0 586 2500 586
587 0 587 2500
0 587 2500 587
588 0 588 2500
0 588 2500 588
589 0 589 2500
0 589 2500 589
590 0 590 2500
0 590 2500 590
591 0 591 2500
0 591 2500 591
592 0 592 2500
0 592 2500 592
593 0 593 2500
0 593 2500 593
594 0 594 2500
0 594 2500 594
595 0 595 2500
0 595 2500 595
596 0 596 2500
0 596 2500 596
597 0 597 2500
0 597 2500 597
598 0 598 2500
0 598 2500 598
599 0 599 2500
0 599 2500 599
600 0 600 2500
0 600 2500 600
601 0 601 2500
0 601 2500 601
602 0 602 2500
0 602 2500 602
603 0 603 2500
0 603 2500 603
604 0 604 2500
0 604 2500 604
605 0 605 2500
0 605 2500 605
606 0 606 2500
0 606 2500 606
607 0 607 2500
0 607 2500 607
608 0 608 2500
0 608 2500 608
609 0 609 2500
0 609 2500 609
610 0 610 2500
0 610 2500 610
611 0 611 2500
0 611 2500 611
612 0 612 2500
0 612 2500 612
613 0 613 2500
0 613 2500 613
614 0 614 2500
0 614 2500 614
615 0 615 2500
0 615 2500 615
616 0 616 2500
0 616 2500 616
617 0 617 2500
0 617 2500 617
618 0 618 2500
0 618 2500 618
619 0 619 2500
0 619 2500 619
620 0 620 2500
0 620 2500 620
621 0 621 2500
0 621 2500 621
622 0 622 2500
0 622 2500 622
623 0 623 2500
0 623 2500 623
624 0 624 2500
0 624 2500 624
625 0 625 2500
0 625 2500 625
626 0 626 2500
0 626 2500 626
627 0 627 2500
0 627 2500 627
628 0 628 2500
0 628 2500 628
629 0 629 2500
0 629 2500 629
630 0 630 2500
0 630 2500 630
631 0 631 2500
0 631 2500 631
632 0 632 2500
0 632 2500 632
633 0 633 2500
0 633 2500 633
634 0 634 2500
0 634 2500 634
635 0 635 2500
0 635 2500 635
636 0 636 2500
0 636 2500 636
637 0 637 2500
0 637 2500 637
638 0 638 2500
0 638 2500 638
639 0 639 2500
0 639 2500 639
640 0 640 2500
0 640 2500 640
641 0 641 2500
0 641 2500 641
642 0 642 2500
0 642 2500 642
643 0 643 2500
0 643 2500 643
644 0 644 2500
0 644 2500 644
645 0 645 2500
0 645 2500 645
646 0 646 2500
0 646 2500 646
647 0 647 2500
0 647 2500 647
648 0 648 2500
0 648 2500 648
649 0 649 2500
0 649 2500 649
650 0 650 2500
0 650 2500 650
651 0 651 2500
0 651 2500 651
652 0 652 2500
0 652 2500 652
653 0 653 2500
0 653 2500 653
654 0 654 2500
0 654 2500 654
655 0 655 2500
0 655 2500 655
656 0 656 2500
0 656 2500 656
657 0 657 2500
0 657 2500 657
658 0 658 2500
0 658 2500 658
659 0 659 2500
0 659 2500 659
660 0 660 2500
0 660 2500 660
661 0 661 2500
0 661 2500 661
662 0 662 2500
0 662 2500 662
663 0 663 2500
0 663 2500 663
664 0 664 2500
0 664 2500 664
665 0 665 2500
0 665 2500 665
666 0 666 2500
0 666 2500 666
667 0 667 2500
0 667 2500 667
668 0 668 2500
0 668 2500 668
669 0 669 2500
0 669 2500 669
670 0 670 2500
0 670 2500 670
671 0 671 2500
0 671 2500 671
672 0 672 2500
0 672 2500 672
673 0 673 2500
0 673 2500 673
674 0 674 2500
0 674 2500 674
675 0 675 2500
0 675 2500 675
676 0 676 2500
0 676 2500 676
677 0 677 2500
0 677 2500 677
678 0 678 2500
0 678 2500 678
679 0 679 2500
0 679 2500 679
680 0 680 2500
0 680 2500 680
681 0 681 2500
0 681 2500 681
682 0 682 2500
0 682 2500 682
683 0 683 2500
0 683 2500 683
684 0 684 2500
0 684 2500 684
685 0 685 2500
0 685 2500 685
686 0 686 2500
0 686 2500 686
687 0 687 2500
0 687 2500 687
688 0 688 2500
0 688 2500 688
689 0 689 2500
0 689 2500 689
690 0 690 2500
0 690 2500 690
691 0 691 2500
0 691 2500 691
692 0 692 2500
0 692 2500 692
693 0 693 2500
0 693 2500 693
694 0 694 2500
0 694 2500 694
695 0 695 2500
0 695 2500 695
696 0 696 2500
0 696 2500 696
697 0 697 2500
0 697 2500 697
698 0 698 2500
0 698 2500 698
699 0 699 2500
0 699 2500 699
700 0 700 2500
0 700 2500 700
701 0 701 2500
0 701 2500 701
702 0 702 2500
0 702 2500 702
703 0 703 2500
0 703 2500 703
704 0 704 2500
0 704 2500 704
705 0 705 2500
0 705 2500 705
706 0 706 2500
0 706 2500 706
707 0 707 2500
0 707 2500 707
708 0 708 2500
0 708 2500 708
709 0 709 2500
0 709 2500 709
710 0 710 2500
0 710 2500 710
711 0 711 2500
0 711 2500 711
712 0 712 2500
0 712 2500 712
713 0 713 2500
0 713 2500 713
714 0 714 2500
0 714 2500 714
715 0 715 2500
0 715 2500 715
716 0 716 2500
0 716 2500 716
717 0 717 2500
0 717 2500 717
718 0 718 2500
0 718 2500 718
719 0 719 2500
0 719 2500 719
720 0 720 2500
0 720 2500 720
721 0 721 2500
0 721 2500 721
722 0 722 2500
0 722 2500 722
723 0 723 2500
0 723 2500 723
724 0 724 2500
0 724 2500 724
725 0 725 2500
0 725 2500 725
726 0 726 2500
0 726 2500 726
727 0 727 2500
0 727 2500 727
728 0 728 2500
0 728 2500 728
729 0 729 2500
0 729 2500 729
730 0 730 2500
0 730 2500 730
731 0 731 2500
0 731 2500 731
732 0 732 2500
0 732 2500 732
733 0 733 2500
0 733 2500 733
734 0 734 2500
0 734 2500 734
735 0 735 2500
0 735 2500 735
736 0 736 2500
0 736 2500 736
737 0 737 2500
0 737 2500 737
738 0 738 2500
0 738 2500 738
739 0 739 2500
0 739 2500 739
740 0 740 2500
0 740 2500 740
741 0 741 2500
0 741 2500 741
742 0 742 2500
0 742 2500 742
743 0 743 2500
0 743 2500 743
744 0 744 2500
0 744 2500 744
745 0 745 2500
0 745 2500 745
746 0 746 2500
0 746 2500 746
747 0 747 2500
0 747 2500 747
748 0 748 2500
0 748 2500 748
749 0 749 2500
0 749 2500 749
750 0 750 2500
0 750 2500 750
751 0 751 2500
0 751 2500 751
752 0 752 2500
0 752 2500 752
753 0 753 2500
0 753 2500 753
754 0 754 2500
0 754 2500 754
755 0 755 2500
0 755 2500 755
756 0 756 2500
0 756 2500 756
757 0 757 2500
0 757 2500 757
758 0 758 2500
0 758 2500 758
759 0 759 2500
0 759 2500 759
760 0 760 2500
0 760 2500 760
761 0 761 2500
0 761 2500 761
762 0 762 2500
0 762 2500 762
763 0 763 2500
0 763 2500 763
764 0 764 2500
0 764 2500 764
765 0 765 2500
0 765 2500 765
766 0 766 2500
0 766 2500 766
767 0 767 2500
0 767 2500 767
768 0 768 2500
0 768 2500 768
769 0 769 2500
0 769 2500 769
770 0 770 2500
0 770 2500 770
771 0 771 2500
0 771 2500 771
772 0 772 2500
0 772 2500 772
773 0 773 2500
0 773 2500 773
774 0 774 2500
0 774 2500 774
775 0 775 2500
0 775 2500 775
776 0 776 2500
0 776 2500 776
777 0 777 2500
0 777 2500 777
778 0 778 2500
0 778 2500 778
779 0 779 2500
0 779 2500 779
780 0 780 2500
0 780 2500 780
781 0 781 2500
0 781 2500 781
782 0 782 2500
0 782 2500 782
783 0 783 2500
0 783 2500 783
784 0 784 2500
0 784 2500 784
785 0 785 2500
0 785 2500 785
786 0 786 2500
0 786 2500 786
787 0 787 2500
0 787 2500 787
788 0 788 2500
0 788 2500 788
789 0 789 2500
0 789 2500 789
790 0 790 2500
0 790 2500 790
791 0 791 2500
0 791 2500 791
792 0 792 2500
0 792 2500 792
793 0 793 2500
0 793 2500 793
794 0 794 2500
0 794 2500 794
795 0 795 2500
0 795 2500 795
796 0 796 2500
0 796 2500 796
797 0 797 2500
0 797 2500 797
798 0 798 2500
0 798 2500 798
799 0 799 2500
0 799 2500 799
800 0 800 2500
0 800 2500 800
801 0 801 2500
0 801 2500 801
802 0 802 2500
0 802 2500 802
803 0 803 2500
0 803 2500 803
804 0 804 2500
0 804 2500 804
805 0 805 2500
0 805 2500 805
806 0 806 2500
0 806 2500 806
807 0 807 2500
0 807 2500 807
808 0 808 2500
0 808 2500 808
809 0 809 2500
0 809 2500 809
810 0 810 2500
0 810 2500 810
811 0 811 2500
0 811 2500 811
812 0 812 2500
0 812 2500 812
813 0 813 2500
0 813 2500 813
814 0 814 2500
0 814 2500 814
815 0 815 2500
0 815 2500 815
816 0 816 2500
0 816 2500 816
817 0 817 2500
0 817 2500 817
818 0 818 2500
0 818 2500 818
819 0 819 2500
0 819 2500 819
820 0 820 2500
0 820 2500 820
821 0 821 2500
0 821 2500 821
822 0 822 2500
0 822 2500 822
823 0 823 2500
0 823 2500 823
824 0 824 2500
0 824 2500 824
825 0 825 2500
0 825 2500 825
826 0 826 2500
0 826 2500 826
827 0 827 2500
0 827 2500 827
828 0 828 2500
0 828 2500 828
829 0 829 2500
0 829 2500 829
830 0 830 2500
0 830 2500 830
831 0 831 2500
0 831 2500 831
832 0 832 2500
0 832 2500 832
833 0 833 2500
0 833 2500 833
834 0 834 2500
0 834 2500 834
835 0 835 2500
0 835 2500 835
836 0 836 2500
0 836 2500 836
837 0 837 2500
0 837 2500 837
838 0 838 2500
0 838 2500 838
839 0 839 2500
0 839 2500 839
840 0 840 2500
0 840 2500 840
841 0 841 2500
0 841 2500 841
842 0 842 2500
0 842 2500 842
843 0 843 2500
0 843 2500 843
844 0 844 2500
0 844 2500 844
845 0 845 2500
0 845 2500 845
846 0 846 2500
0 846 2500 846
847 0 847 2500
0 847 2500 847
848 0 848 2500
0 848 2500 848
849 0 849 2500
0 849 2500 849
850 0 850 2500
0 850 2500 850
851 0 851 2500
0 851 2500 851
852 0 852 2500
0 852 2500 852
853 0 853 2500
0 853 2500 853
854 0 854 2500
0 854 2500 854
855 0 855 2500
0 855 2500 855
856 0 856 2500
0 856 2500 856
857 0 857 2500
0 857 2500 857
858 0 858 2500
0 858 2500 858
859 0 859 2500
0 859 2500 859
860 0 860 2500
0 860 2500 860
861 0 861 2500
0 861 2500 861
862 0 862 2500
0 862 2500 862
863 0 863 2500
0 863 2500 863
864 0 864 2500
0 864 2500 864
865 0 865 2500
0 865 2500 865
866 0 866 2500
0 866 2500 866
867 0 867 2500
0 867 2500 867
868 0 868 2500
0 868 2500 868
869 0 869 2500
0 869 2500 869
870 0 870 2500
0 870 2500 870
871 0 871 2500
0 871 2500 871
872 0 872 2500
0 872 2500 872
873 0 873 2500
0 873 2500 873
874 0 874 2500
0 874 2500 874
875 0 875 2500
0 875 2500 875
876 0 876 2500
0 876 2500 876
877 0 877 2500
0 877 2500 877
878 0 878 2500
0 878 2500 878
879 0 879 2500
0 879 2500 879
880 0 880 2500
0 880 2500 880
881 0 881 2500
0 881 2500 881
882 0 882 2500
0 882 2500 882
883 0 883 2500
0 883 2500 883
884 0 884 2500
0 884 2500 884
885 0 885 2500
0 885 2500 885
886 0 886 2500
0 886 2500 886
887 0 887 2500
0 887 2500 887
888 0 888 2500
0 888 2500 888
889 0 889 2500
0 889 2500 889
890 0 890 2500
0 890 2500 890
891 0 891 2500
0 891 2500 891
892 0 892 2500
0 892 2500 892
893 0 893 2500
0 893 2500 893
894 0 894 2500
0 894 2500 894
895 0 895 2500
0 895 2500 895
896 0 896 2500
0 896 2500 896
897 0 897 2500
0 897 2500 897
898 0 898 2500
0 898 2500 898
899 0 899 2500
0 899 2500 899
900 0 900 2500
0 900 2500 900
901 0 901 2500
0 901 2500 901
902 0 902 2500
0 902 2500 902
903 0 903 2500
0 903 2500 903
904 0 904 2500
0 904 2500 904
905 0 905 2500
0 905 2500 905
906 0 906 2500
0 906 2500 906
907 0 907 2500
0 907 2500 907
908 0 908 2500
0 908 2500 908
909 0 909 2500
0 909 2500 909
910 0 910 2500
0 910 2500 910
911 0 911 2500
0 911 2500 911
912 0 912 2500
0 912 2500 912
913 0 913 2500
0 913 2500 913
914 0 914 2500
0 914 2500 914
915 0 915 2500
0 915 2500 915
916 0 916 2500
0 916 2500 916
917 0 917 2500
0 917 2500 917
918 0 918 2500
0 918 2500 918
919 0 919 2500
0 919 2500 919
920 0 920 2500
0 920 2500 920
921 0 921 2500
0 921 2500 921
922 0 922 2500
0 922 2500 922
923 0 923 2500
0 923 2500 923
924 0 924 2500
0 924 2500 924
925 0 925 2500
0 925 2500 925
926 0 926 2500
0 926 2500 926
927 0 927 2500
0 927 2500 927
928 0 928 2500
0 928 2500 928
929 0 929 2500
0 929 2500 929
930 0 930 2500
0 930 2500 930
931 0 931 2500
0 931 2500 931
932 0 932 2500
0 932 2500 932
933 0 933 2500
0 933 2500 933
934 0 934 2500
0 934 2500 934
935 0 935 2500
0 935 2500 935
936 0 936 2500
0 936 2500 936
937 0 937 2500
0 937 2500 937
938 0 938 2500
0 938 2500 938
939 0 939 2500
0 939 2500 939
940 0 940 2500
0 940 2500 940
941 0 941 2500
0 941 2500 941
942 0 942 2500
0 942 2500 942
943 0 943 2500
0 943 2500 943
944 0 944 2500
0 944 2500 944
945 0 945 2500
0 945 2500 945
946 0 946 2500
0 946 2500 946
947 0 947 2500
0 947 2500 947
948 0 948 2500
0 948 2500 948
949 0 949 2500
0 949 2500 949
950 0 950 2500
0 950 2500 950
951 0 951 2500
0 951 2500 951
952 0 952 2500
0 952 2500 952
953 0 953 2500
0 953 2500 953
954 0 954 2500
0 954 2500 954
955 0 955 2500
0 955 2500 955
956 0 956 2500
0 956 2500 956
957 0 957 2500
0 957 2500 957
958 0 958 2500
0 958 2500 958
959 0 959 2500
0 959 2500 959
960 0 960 2500
0 960 2500 960
961 0 961 2500
0 961 2500 961
962 0 962 2500
0 962 2500 962
963 0 963 2500
0 963 2500 963
964 0 964 2500
0 964 2500 964
965 0 965 2500
0 965 2500 965
966 0 966 2500
0 966 2500 966
967 0 967 2500
0 967 2500 967
968 0 968 2500
0 968 2500 968
969 0 969 2500
0 969 2500 969
970 0 970 2500
0 970 2500 970
971 0 971 2500
0 971 2500 971
972 0 972 2500
0 972 2500 972
973 0 973 2500
0 973 2500 973
974 0 974 2500
0 974 2500 974
975 0 975 2500
0 975 2500 975
976 0 976 2500
0 976 2500 976
977 0 977 2500
0 977 2500 977
978 0 978 2500
0 978 2500 978
979 0 979 2500
0 979 2500 979
980 0 980 2500
0 980 2500 980
981 0 981 2500
0 981 2500 981
982 0 982 2500
0 982 2500 982
983 0 983 2500
0 983 2500 983
984 0 984 2500
0 984 2500 984
985 0 985 2500
0 985 2500 985
986 0 986 2500
0 986 2500 986
987 0 987 2500
0 987 2500 987
988 0 988 2500
0 988 2500 988
989 0 989 2500
0 989 2500 989
990 0 990 2500
0 990 2500 990
991 0 991 2500
0 991 2500 991
992 0 992 2500
0 992 2500 992
993 0 993 2500
0 993 2500 993
994 0 994 2500
0 994 2500 994
995 0 995 2500
0 995 2500 995
996 0 996 2500
0 996 2500 996
997 0 997 2500
0 997 2500 997
998 0 998 2500
0 998 2500 998
999 0 999 2500
0 999 2500 999
1000 0 1000 2500
0 1000 2500 1000
1001 0 1001 2500
0 1001 2500 1001
1002 0 1002 2500
0 1002 2500 1002
1003 0 1003 2500
0 1003 2500 1003
1004 0 1004 2500
0 1004 2500 1004
1005 0 1005 2500
0 1005 2500 1005
1006 0 1006 2500
0 1006 2500 1006
1007 0 1007 2500
0 1007 2500 1007
1008 0 1008 2500
0 1008 2500 1008
1009 0 1009 2500
0 1009 2500 1009
1010 0 1010 2500
0 1010 2500 1010
1011 0 1011 2500
0 1011 2500 1011
1012 0 1012 2500
0 1012 2500 1012
1013 0 1013 2500
0 1013 2500 1013
1014 0 1014 2500
0 1014 2500 1014
1015 0 1015 2500
0 1015 2500 1015
1016 0 1016 2500
0 1016 2500 1016
1017 0 1017 2500
0 1017 2500 1017
1018 0 1018 2500
0 1018 2500 1018
1019 0 1019 2500
0 1019 2500 1019
1020 0 1020 2500
0 1020 2500 1020
1021 0 1021 2500
0 1021 2500 1021
1022 0 1022 2500
0 1022 2500 1022
1023 0 1023 2500
0 1023 2500 1023
1024 0 1024 2500
0 1024 2500 1024
1025 0 1025 2500
0 1025 2500 1025
1026 0 1026 2500
0 1026 2500 1026
1027 0 1027 2500
0 1027 2500 1027
1028 0 1028 2500
0 1028 2500 1028
1029 0 1029 2500
0 1029 2500 1029
1030 0 1030 2500
0 1030 2500 1030
1031 0 1031 2500
0 1031 2500 1031
1032 0 1032 2500
0 1032 2500 1032
1033 0 1033 2500
0 1033 2500 1033
1034 0 1034 2500
0 1034 2500 1034
1035 0 1035 2500
0 1035 2500 1035
1036 0 1036 2500
0 1036 2500 1036
1037 0 1037 2500
0 1037 2500 1037
1038 0 1038 2500
0 1038 2500 1038
1039 0 1039 2500
0 1039 2500 1039
1040 0 1040 2500
0 1040 2500 1040
1041 0 1041 2500
0 1041 2500 1041
1042 0 1042 2500
0 1042 2500 1042
1043 0 1043 2500
0 1043 2500 1043
1044 0 1044 2500
0 1044 2500 1044
1045 0 1045 2500
0 1045 2500 1045
1046 0 1046 2500
0 1046 2500 1046
1047 0 1047 2500
0 1047 2500 1047
1048 0 1048 2500
0 1048 2500 1048
1049 0 1049 2500
0 1049 2500 1049
1050 0 1050 2500
0 1050 2500 1050
1051 0 1051 2500
0 1051 2500 1051
1052 0 1052 2500
0 1052 2500 1052
1053 0 1053 2500
0 1053 2500 1053
1054 0 1054 2500
0 1054 2500 1054
1055 0 1055 2500
0 1055 2500 1055
1056 0 1056 2500
0 1056 2500 1056
1057 0 1057 2500
0 1057 2500 1057
1058 0 1058 2500
0 1058 2500 1058
1059 0 1059 2500
0 1059 2500 1059
1060 0 1060 2500
0 1060 2500 1060
1061 0 1061 2500
0 1061 2500 1061
1062 0 1062 2500
0 1062 2500 1062
1063 0 1063 2500
0 1063 2500 1063
1064 0 1064 2500
0 1064 2500 1064
1065 0 1065 2500
0 1065 2500 1065
1066 0 1066 2500
0 1066 2500 1066
1067 0 1067 2500
0 1067 2500 1067
1068 0 1068 2500
0 1068 2500 1068
1069 0 1069 2500
0 1069 2500 1069
1070 0 1070 2500
0 1070 2500 1070
1071 0 1071 2500
0 1071 2500 1071
1072 0 1072 2500
0 1072 2500 1072
1073 0 1073 2500
0 1073 2500 1073
1074 0 1074 2500
0 1074 2500 1074
1075 0 1075 2500
0 1075 2500 1075
1076 0 1076 2500
0 1076 2500 1076
1077 0 1077 2500
0 1077 2500 1077
1078 0 1078 2500
0 1078 2500 1078
1079 0 1079 2500
0 1079 2500 1079
1080 0 1080 2500
0 1080 2500 1080
1081 0 1081 2500
0 1081 2500 1081
1082 0 1082 2500
0 1082 2500 1082
1083 0 1083 2500
0 1083 2500 1083
1084 0 1084 2500
0 1084 2500 1084
1085 0 1085 2500
0 1085 2500 1085
1086 0 1086 2500
0 1086 2500 1086
1087 0 1087 2500
0 1087 2500 1087
1088 0 1088 2500
0 1088 2500 1088
1089 0 1089 2500
0 1089 2500 1089
1090 0 1090 2500
0 1090 2500 1090
1091 0 1091 2500
0 1091 2500 1091
1092 0 1092 2500
0 1092 2500 1092
1093 0 1093 2500
0 1093 2500 1093
1094 0 1094 2500
0 1094 2500 1094
1095 0 1095 2500
0 1095 2500 1095
1096 0 1096 2500
0 1096 2500 1096
1097 0 1097 2500
0 1097 2500 1097
1098 0 1098 2500
0 1098 2500 1098
1099 0 1099 2500
0 1099 2500 1099
1100 0 1100 2500
0 1100 2500 1100
1101 0 1101 2500
0 1101 2500 1101
1102 0 1102 2500
0 1102 2500 1102
1103 0 1103 2500
0 1103 2500 1103
1104 0 1104 2500
0 1104 2500 1104
1105 0 1105 2500
0 1105 2500 1105
1106 0 1106 2500
0 1106 2500 1106
1107 0 1107 2500
0 1107 2500 1107
1108 0 1108 2500
0 1108 2500 1108
1109 0 1109 2500
0 1109 2500 1109
1110 0 1110 2500
0 1110 2500 1110
1111 0 1111 2500
0 1111 2500 1111
1112 0 1112 2500
0 1112 2500 1112
1113 0 1113 2500
0 1113 2500 1113
1114 0 1114 2500
0 1114 2500 1114
1115 0 1115 2500
0 1115 2500 1115
1116 0 1116 2500
0 1116 2500 1116
1117 0 1117 2500
0 1117 2500 1117
1118 0 1118 2500
0 1118 2500 1118
1119 0 1119 2500
0 1119 2500 1119
1120 0 1120 2500
0 1120 2500 1120
1121 0 1121 2500
0 1121 2500 1121
1122 0 1122 2500
0 1122 2500 1122
1123 0 1123 2500
0 1123 2500 1123
1124 0 1124 2500
0 1124 2500 1124
1125 0 1125 2500
0 1125 2500 1125
1126 0 1126 2500
0 1126 2500 1126
1127 0 1127 2500
0 1127 2500 1127
1128 0 1128 2500
0 1128 2500 1128
1129 0 1129 2500
0 1129 2500 1129
1130 0 1130 2500
0 1130 2500 1130
1131 0 1131 2500
0 1131 2500 1131
1132 0 1132 2500
0 1132 2500 1132
1133 0 1133 2500
0 1133 2500 1133
1134 0 1134 2500
0 1134 2500 1134
1135 0 1135 2500
0 1135 2500 1135
1136 0 1136 2500
0 1136 2500 1136
1137 0 1137 2500
0 1137 2500 1137
1138 0 1138 2500
0 1138 2500 1138
1139 0 1139 2500
0 1139 2500 1139
1140 0 1140 2500
0 1140 2500 1140
1141 0 1141 2500
0 1141 2500 1141
1142 0 1142 2500
0 1142 2500 1142
1143 0 1143 2500
0 1143 2500 1143
1144 0 1144 2500
0 1144 2500 1144
1145 0 1145 2500
0 1145 2500 1145
1146 0 1146 2500
0 1146 2500 1146
1147 0 1147 2500
0 1147 2500 1147
1148 0 1148 2500
0 1148 2500 1148
1149 0 1149 2500
0 1149 2500 1149
1150 0 1150 2500
0 1150 2500 1150
1151 0 1151 2500
0 1151 2500 1151
1152 0 1152 2500
0 1152 2500 1152
1153 0 1153 2500
0 1153 2500 1153
1154 0 1154 2500
0 1154 2500 1154
1155 0 1155 2500
0 1155 2500 1155
1156 0 1156 2500
0 1156 2500 1156
1157 0 1157 2500
0 1157 2500 1157
1158 0 1158 2500
0 1158 2500 1158
1159 0 1159 2500
0 1159 2500 1159
1160 0 1160 2500
0 1160 2500 1160
1161 0 1161 2500
0 1161 2500 1161
1162 0 1162 2500
0 1162 2500 1162
1163 0 1163 2500
0 1163 2500 1163
1164 0 1164 2500
0 1164 2500 1164
1165 0 1165 2500
0 1165 2500 1165
1166 0 1166 2500
0 1166 2500 1166
1167 0 1167 2500
0 1167 2500 1167
1168 0 1168 2500
0 1168 2500 1168
1169 0 1169 2500
0 1169 2500 1169
1170 0 1170 2500
0 1170 2500 1170
1171 0 1171 2500
0 1171 2500 1171
1172 0 1172 2500
0 1172 2500 1172
1173 0 1173 2500
0 1173 2500 1173
1174 0 1174 2500
0 1174 2500 1174
1175 0 1175 2500
0 1175 2500 1175
1176 0 1176 2500
0 1176 2500 1176
1177 0 1177 2500
0 1177 2500 1177
1178 0 1178 2500
0 1178 2500 1178
1179 0 1179 2500
0 1179 2500 1179
1180 0 1180 2500
0 1180 2500 1180
1181 0 1181 2500
0 1181 2500 1181
1182 0 1182 2500
0 1182 2500 1182
1183 0 1183 2500
0 1183 2500 1183
1184 0 1184 2500
0 1184 2500 1184
1185 0 1185 2500
0 1185 2500 1185
1186 0 1186 2500
0 1186 2500 1186
1187 0 1187 2500
0 1187 2500 1187
1188 0 1188 2500
0 1188 2500 1188
1189 0 1189 2500
0 1189 2500 1189
1190 0 1190 2500
0 1190 2500 1190
1191 0 1191 2500
0 1191 2500 1191
1192 0 1192 2500
0 1192 2500 1192
1193 0 1193 2500
0 1193 2500 1193
1194 0 1194 2500
0 1194 2500 1194
1195 0 1195 2500
0 1195 2500 1195
1196 0 1196 2500
0 1196 2500 1196
1197 0 1197 2500
0 1197 2500 1197
1198 0 1198 2500
0 1198 2500 1198
1199 0 1199 2500
0 1199 2500 1199
1200 0 1200 2500
0 1200 2500 1200
1201 0 1201 2500
0 1201 2500 1201
1202 0 1202 2500
0 1202 2500 1202
1203 0 1203 2500
0 1203 2500 1203
1204 0 1204 2500
0 1204 2500 1204
1205 0 1205 2500
0 1205 2500 1205
1206 0 1206 2500
0 1206 2500 1206
1207 0 1207 2500
0 1207 2500 1207
1208 0 1208 2500
0 1208 2500 1208
1209 0 1209 2500
0 1209 2500 1209
1210 0 1210 2500
0 1210 2500 1210
1211 0 1211 2500
0 1211 2500 1211
1212 0 1212 2500
0 1212 2500 1212
1213 0 1213 2500
0 1213 2500 1213
1214 0 1214 2500
0 1214 2500 1214
1215 0 1215 2500
0 1215 2500 1215
1216 0 1216 2500
0 1216 2500 1216
1217 0 1217 2500
0 1217 2500 1217
1218 0 1218 2500
0 1218 2500 1218
1219 0 1219 2500
0 1219 2500 1219
1220 0 1220 2500
0 1220 2500 1220
1221 0 1221 2500
0 1221 2500 1221
1222 0 1222 2500
0 1222 2500 1222
1223 0 1223 2500
0 1223 2500 1223
1224 0 1224 2500
0 1224 2500 1224
1225 0 1225 2500
0 1225 2500 1225
1226 0 1226 2500
0 1226 2500 1226
1227 0 1227 2500
0 1227 2500 1227
1228 0 1228 2500
0 1228 2500 1228
1229 0 1229 2500
0 1229 2500 1229
1230 0 1230 2500
0 1230 2500 1230
1231 0 1231 2500
0 1231 2500 1231
1232 0 1232 2500
0 1232 2500 1232
1233 0 1233 2500
0 1233 2500 1233
1234 0 1234 2500
0 1234 2500 1234
1235 0 1235 2500
0 1235 2500 1235
1236 0 1236 2500
0 1236 2500 1236
1237 0 1237 2500
0 1237 2500 1237
1238 0 1238 2500
0 1238 2500 1238
1239 0 1239 2500
0 1239 2500 1239
1240 0 1240 2500
0 1240 2500 1240
1241 0 1241 2500
0 1241 2500 1241
1242 0 1242 2500
0 1242 2500 1242
1243 0 1243 2500
0 1243 2500 1243
1244 0 1244 2500
0 1244 2500 1244
1245 0 1245 2500
0 1245 2500 1245
1246 0 1246 2500
0 1246 2500 1246
1247 0 1247 2500
0 1247 2500 1247
1248 0 1248 2500
0 1248 2500 1248
1249 0 1249 2500
0 1249 2500 1249
1250 0 1250 2500
0 1250 2500 1250
1251 0 1251 2500
0 1251 2500 1251
1252 0 1252 2500
0 1252 2500 1252
1253 0 1253 2500
0 1253 2500 1253
1254 0 1254 2500
0 1254 2500 1254
1255 0 1255 2500
0 1255 2500 1255
1256 0 1256 2500
0 1256 2500 1256
1257 0 1257 2500
0 1257 2500 1257
1258 0 1258 2500
0 1258 2500 1258
1259 0 1259 2500
0 1259 2500 1259
1260 0 1260 2500
0 1260 2500 1260
1261 0 1261 2500
0 1261 2500 1261
1262 0 1262 2500
0 1262 2500 1262
1263 0 1263 2500
0 1263 2500 1263
1264 0 1264 2500
0 1264 2500 1264
1265 0 1265 2500
0 1265 2500 1265
1266 0 1266 2500
0 1266 2500 1266
1267 0 1267 2500
0 1267 2500 1267
1268 0 1268 2500
0 1268 2500 1268
1269 0 1269 2500
0 1269 2500 1269
1270 0 1270 2500
0 1270 2500 1270
1271 0 1271 2500
0 1271 2500 1271
1272 0 1272 2500
0 1272 2500 1272
1273 0 1273 2500
0 1273 2500 1273
1274 0 1274 2500
0 1274 2500 1274
1275 0 1275 2500
0 1275 2500 1275
1276 0 1276 2500
0 1276 2500 1276
1277 0 1277 2500
0 1277 2500 1277
1278 0 1278 2500
0 1278 2500 1278
1279 0 1279 2500
0 1279 2500 1279
1280 0 1280 2500
0 1280 2500 1280
1281 0 1281 2500
0 1281 2500 1281
1282 0 1282 2500
0 1282 2500 1282
1283 0 1283 2500
0 1283 2500 1283
1284 0 1284 2500
0 1284 2500 1284
1285 0 1285 2500
0 1285 2500 1285
1286 0 1286 2500
0 1286 2500 1286
1287 0 1287 2500
0 1287 2500 1287
1288 0 1288 2500
0 1288 2500 1288
1289 0 1289 2500
0 1289 2500 1289
1290 0 1290 2500
0 1290 2500 1290
1291 0 1291 2500
0 1291 2500 1291
1292 0 1292 2500
0 1292 2500 1292
1293 0 1293 2500
0 1293 2500 1293
1294 0 1294 2500
0 1294 2500 1294
1295 0 1295 2500
0 1295 2500 1295
1296 0 1296 2500
0 1296 2500 1296
1297 0 1297 2500
0 1297 2500 1297
1298 0 1298 2500
0 1298 2500 1298
1299 0 1299 2500
0 1299 2500 1299
1300 0 1300 2500
0 1300 2500 1300
1301 0 1301 2500
0 1301 2500 1301
1302 0 1302 2500
0 1302 2500 1302
1303 0 1303 2500
0 1303 2500 1303
1304 0 1304 2500
0 1304 2500 1304
1305 0 1305 2500
0 1305 2500 1305
1306 0 1306 2500
0 1306 2500 1306
1307 0 1307 2500
0 1307 2500 1307
1308 0 1308 2500
0 1308 2500 1308
1309 0 1309 2500
0 1309 2500 1309
1310 0 1310 2500
0 1310 2500 1310
1311 0 1311 2500
0 1311 2500 1311
1312 0 1312 2500
0 1312 2500 1312
1313 0 1313 2500
0 1313 2500 1313
1314 0 1314 2500
0 1314 2500 1314
1315 0 1315 2500
0 1315 2500 1315
1316 0 1316 2500
0 1316 2500 1316
1317 0 1317 2500
0 1317 2500 1317
1318 0 1318 2500
0 1318 2500 1318
1319 0 1319 2500
0 1319 2500 1319
1320 0 1320 2500
0 1320 2500 1320
1321 0 1321 2500
0 1321 2500 1321
1322 0 1322 2500
0 1322 2500 1322
1323 0 1323 2500
0 1323 2500 1323
1324 0 1324 2500
0 1324 2500 1324
1325 0 1325 2500
0 1325 2500 1325
1326 0 1326 2500
0 1326 2500 1326
1327 0 1327 2500
0 1327 2500 1327
1328 0 1328 2500
0 1328 2500 1328
1329 0 1329 2500
0 1329 2500 1329
1330 0 1330 2500
0 1330 2500 1330
1331 0 1331 2500
0 1331 2500 1331
1332 0 1332 2500
0 1332 2500 1332
1333 0 1333 2500
0 1333 2500 1333
1334 0 1334 2500
0 1334 2500 1334
1335 0 1335 2500
0 1335 2500 1335
1336 0 1336 2500
0 1336 2500 1336
1337 0 1337 2500
0 1337 2500 1337
1338 0 1338 2500
0 1338 2500 1338
1339 0 1339 2500
0 1339 2500 1339
1340 0 1340 2500
0 1340 2500 1340
1341 0 1341 2500
0 1341 2500 1341
1342 0 1342 2500
0 1342 2500 1342
1343 0 1343 2500
0 1343 2500 1343
1344 0 1344 2500
0 1344 2500 1344
1345 0 1345 2500
0 1345 2500 1345
1346 0 1346 2500
0 1346 2500 1346
1347 0 1347 2500
0 1347 2500 1347
1348 0 1348 2500
0 1348 2500 1348
1349 0 1349 2500
0 1349 2500 1349
1350 0 1350 2500
0 1350 2500 1350
1351 0 1351 2500
0 1351 2500 1351
1352 0 1352 2500
0 1352 2500 1352
1353 0 1353 2500
0 1353 2500 1353
1354 0 1354 2500
0 1354 2500 1354
1355 0 1355 2500
0 1355 2500 1355
1356 0 1356 2500
0 1356 2500 1356
1357 0 1357 2500
0 1357 2500 1357
1358 0 1358 2500
0 1358 2500 1358
1359 0 1359 2500
0 1359 2500 1359
1360 0 1360 2500
0 1360 2500 1360
1361 0 1361 2500
0 1361 2500 1361
1362 0 1362 2500
0 1362 2500 1362
1363 0 1363 2500
0 1363 2500 1363
1364 0 1364 2500
0 1364 2500 1364
1365 0 1365 2500
0 1365 2500 1365
1366 0 1366 2500
0 1366 2500 1366
1367 0 1367 2500
0 1367 2500 1367
1368 0 1368 2500
0 1368 2500 1368
1369 0 1369 2500
0 1369 2500 1369
1370 0 1370 2500
0 1370 2500 1370
1371 0 1371 2500
0 1371 2500 1371
1372 0 1372 2500
0 1372 2500 1372
1373 0 1373 2500
0 1373 2500 1373
1374 0 1374 2500
0 1374 2500 1374
1375 0 1375 2500
0 1375 2500 1375
1376 0 1376 2500
0 1376 2500 1376
1377 0 1377 2500
0 1377 2500 1377
1378 0 1378 2500
0 1378 2500 1378
1379 0 1379 2500
0 1379 2500 1379
1380 0 1380 2500
0 1380 2500 1380
1381 0 1381 2500
0 1381 2500 1381
1382 0 1382 2500
0 1382 2500 1382
1383 0 1383 2500
0 1383 2500 1383
1384 0 1384 2500
0 1384 2500 1384
1385 0 1385 2500
0 1385 2500 1385
1386 0 1386 2500
0 1386 2500 1386
1387 0 1387 2500
0 1387 2500 1387
1388 0 1388 2500
0 1388 2500 1388
1389 0 1389 2500
0 1389 2500 1389
1390 0 1390 2500
0 1390 2500 1390
1391 0 1391 2500
0 1391 2500 1391
1392 0 1392 2500
0 1392 2500 1392
1393 0 1393 2500
0 1393 2500 1393
1394 0 1394 2500
0 1394 2500 1394
1395 0 1395 2500
0 1395 2500 1395
1396 0 1396 2500
0 1396 2500 1396
1397 0 1397 2500
0 1397 2500 1397
1398 0 1398 2500
0 1398 2500 1398
1399 0 1399 2500
0 1399 2500 1399
1400 0 1400 2500
0 1400 2500 1400
1401 0 1401 2500
0 1401 2500 1401
1402 0 1402 2500
0 1402 2500 1402
1403 0 1403 2500
0 1403 2500 1403
1404 0 1404 2500
0 1404 2500 1404
1405 0 1405 2500
0 1405 2500 1405
1406 0 1406 2500
0 1406 2500 1406
1407 0 1407 2500
0 1407 2500 1407
1408 0 1408 2500
0 1408 2500 1408
1409 0 1409 2500
0 1409 2500 1409
1410 0 1410 2500
0 1410 2500 1410
1411 0 1411 2500
0 1411 2500 1411
1412 0 1412 2500
0 1412 2500 1412
1413 0 1413 2500
0 1413 2500 1413
1414 0 1414 2500
0 1414 2500 1414
1415 0 1415 2500
0 1415 2500 1415
1416 0 1416 2500
0 1416 2500 1416
1417 0 1417 2500
0 1417 2500 1417
1418 0 1418 2500
0 1418 2500 1418
1419 0 1419 2500
0 1419 2500 1419
1420 0 1420 2500
0 1420 2500 1420
1421 0 1421 2500
0 1421 2500 1421
1422 0 1422 2500
0 1422 2500 1422
1423 0 1423 2500
0 1423 2500 1423
1424 0 1424 2500
0 1424 2500 1424
1425 0 1425 2500
0 1425 2500 1425
1426 0 1426 2500
0 1426 2500 1426
1427 0 1427 2500
0 1427 2500 1427
1428 0 1428 2500
0 1428 2500 1428
1429 0 1429 2500
0 1429 2500 1429
1430 0 1430 2500
0 1430 2500 1430
1431 0 1431 2500
0 1431 2500 1431
1432 0 1432 2500
0 1432 2500 1432
1433 0 1433 2500
0 1433 2500 1433
1434 0 1434 2500
0 1434 2500 1434
1435 0 1435 2500
0 1435 2500 1435
1436 0 1436 2500
0 1436 2500 1436
1437 0 1437 2500
0 1437 2500 1437
1438 0 1438 2500
0 1438 2500 1438
1439 0 1439 2500
0 1439 2500 1439
1440 0 1440 2500
0 1440 2500 1440
1441 0 1441 2500
0 1441 2500 1441
1442 0 1442 2500
0 1442 2500 1442
1443 0 1443 2500
0 1443 2500 1443
1444 0 1444 2500
0 1444 2500 1444
1445 0 1445 2500
0 1445 2500 1445
1446 0 1446 2500
0 1446 2500 1446
1447 0 1447 2500
0 1447 2500 1447
1448 0 1448 2500
0 1448 2500 1448
1449 0 1449 2500
0 1449 2500 1449
1450 0 1450 2500
0 1450 2500 1450
1451 0 1451 2500
0 1451 2500 1451
1452 0 1452 2500
0 1452 2500 1452
1453 0 1453 2500
0 1453 2500 1453
1454 0 1454 2500
0 1454 2500 1454
1455 0 1455 2500
0 1455 2500 1455
1456 0 1456 2500
0 1456 2500 1456
1457 0 1457 2500
0 1457 2500 1457
1458 0 1458 2500
0 1458 2500 1458
1459 0 1459 2500
0 1459 2500 1459
1460 0 1460 2500
0 1460 2500 1460
1461 0 1461 2500
0 1461 2500 1461
1462 0 1462 2500
0 1462 2500 1462
1463 0 1463 2500
0 1463 2500 1463
1464 0 1464 2500
0 1464 2500 1464
1465 0 1465 2500
0 1465 2500 1465
1466 0 1466 2500
0 1466 2500 1466
1467 0 1467 2500
0 1467 2500 1467
1468 0 1468 2500
0 1468 2500 1468
1469 0 1469 2500
0 1469 2500 1469
1470 0 1470 2500
0 1470 2500 1470
1471 0 1471 2500
0 1471 2500 1471
1472 0 1472 2500
0 1472 2500 1472
1473 0 1473 2500
0 1473 2500 1473
1474 0 1474 2500
0 1474 2500 1474
1475 0 1475 2500
0 1475 2500 1475
1476 0 1476 2500
0 1476 2500 1476
1477 0 1477 2500
0 1477 2500 1477
1478 0 1478 2500
0 1478 2500 1478
1479 0 1479 2500
0 1479 2500 1479
1480 0 1480 2500
0 1480 2500 1480
1481 0 1481 2500
0 1481 2500 1481
1482 0 1482 2500
0 1482 2500 1482
1483 0 1483 2500
0 1483 2500 1483
1484 0 1484 2500
0 1484 2500 1484
1485 0 1485 2500
0 1485 2500 1485
1486 0 1486 2500
0 1486 2500 1486
1487 0 1487 2500
0 1487 2500 1487
1488 0 1488 2500
0 1488 2500 1488
1489 0 1489 2500
0 1489 2500 1489
1490 0 1490 2500
0 1490 2500 1490
1491 0 1491 2500
0 1491 2500 1491
1492 0 1492 2500
0 1492 2500 1492
1493 0 1493 2500
0 1493 2500 1493
1494 0 1494 2500
0 1494 2500 1494
1495 0 1495 2500
0 1495 2500 1495
1496 0 1496 2500
0 1496 2500 1496
1497 0 1497 2500
0 1497 2500 1497
1498 0 1498 2500
0 1498 2500 1498
1499 0 1499 2500
0 1499 2500 1499
1500 0 1500 2500
0 1500 2500 1500
1501 0 1501 2500
0 1501 2500 1501
1502 0 1502 2500
0 1502 2500 1502
1503 0 1503 2500
0 1503 2500 1503
1504 0 1504 2500
0 1504 2500 1504
1505 0 1505 2500
0 1505 2500 1505
1506 0 1506 2500
0 1506 2500 1506
1507 0 1507 2500
0 1507 2500 1507
1508 0 1508 2500
0 1508 2500 1508
1509 0 1509 2500
0 1509 2500 1509
1510 0 1510 2500
0 1510 2500 1510
1511 0 1511 2500
0 1511 2500 1511
1512 0 1512 2500
0 1512 2500 1512
1513 0 1513 2500
0 1513 2500 1513
1514 0 1514 2500
0 1514 2500 1514
1515 0 1515 2500
0 1515 2500 1515
1516 0 1516 2500
0 1516 2500 1516
1517 0 1517 2500
0 1517 2500 1517
1518 0 1518 2500
0 1518 2500 1518
1519 0 1519 2500
0 1519 2500 1519
1520 0 1520 2500
0 1520 2500 1520
1521 0 1521 2500
0 1521 2500 1521
1522 0 1522 2500
0 1522 2500 1522
1523 0 1523 2500
0 1523 2500 1523
1524 0 1524 2500
0 1524 2500 1524
1525 0 1525 2500
0 1525 2500 1525
1526 0 1526 2500
0 1526 2500 1526
1527 0 1527 2500
0 1527 2500 1527
1528 0 1528 2500
0 1528 2500 1528
1529 0 1529 2500
0 1529 2500 1529
1530 0 1530 2500
0 1530 2500 1530
1531 0 1531 2500
0 1531 2500 1531
1532 0 1532 2500
0 1532 2500 1532
1533 0 1533 2500
0 1533 2500 1533
1534 0 1534 2500
0 1534 2500 1534
1535 0 1535 2500
0 1535 2500 1535
1536 0 1536 2500
0 1536 2500 1536
1537 0 1537 2500
0 1537 2500 1537
1538 0 1538 2500
0 1538 2500 1538
1539 0 1539 2500
0 1539 2500 1539
1540 0 1540 2500
0 1540 2500 1540
1541 0 1541 2500
0 1541 2500 1541
1542 0 1542 2500
0 1542 2500 1542
1543 0 1543 2500
0 1543 2500 1543
1544 0 1544 2500
0 1544 2500 1544
1545 0 1545 2500
0 1545 2500 1545
1546 0 1546 2500
0 1546 2500 1546
1547 0 1547 2500
0 1547 2500 1547
1548 0 1548 2500
0 1548 2500 1548
1549 0 1549 2500
0 1549 2500 1549
1550 0 1550 2500
0 1550 2500 1550
1551 0 1551 2500
0 1551 2500 1551
1552 0 1552 2500
0 1552 2500 1552
1553 0 1553 2500
0 1553 2500 1553
1554 0 1554 2500
0 1554 2500 1554
1555 0 1555 2500
0 1555 2500 1555
1556 0 1556 2500
0 1556 2500 1556
1557 0 1557 2500
0 1557 2500 1557
1558 0 1558 2500
0 1558 2500 1558
1559 0 1559 2500
0 1559 2500 1559
1560 0 1560 2500
0 1560 2500 1560
1561 0 1561 2500
0 1561 2500 1561
1562 0 1562 2500
0 1562 2500 1562
1563 0 1563 2500
0 1563 2500 1563
1564 0 1564 2500
0 1564 2500 1564
1565 0 1565 2500
0 1565 2500 1565
1566 0 1566 2500
0 1566 2500 1566
1567 0 1567 2500
0 1567 2500 1567
1568 0 1568 2500
0 1568 2500 1568
1569 0 1569 2500
0 1569 2500 1569
1570 0 1570 2500
0 1570 2500 1570
1571 0 1571 2500
0 1571 2500 1571
1572 0 1572 2500
0 1572 2500 1572
1573 0 1573 2500
0 1573 2500 1573
1574 0 1574 2500
0 1574 2500 1574
1575 0 1575 2500
0 1575 2500 1575
1576 0 1576 2500
0 1576 2500 1576
1577 0 1577 2500
0 1577 2500 1577
1578 0 1578 2500
0 1578 2500 1578
1579 0 1579 2500
0 1579 2500 1579
1580 0 1580 2500
0 1580 2500 1580
1581 0 1581 2500
0 1581 2500 1581
1582 0 1582 2500
0 1582 2500 1582
1583 0 1583 2500
0 1583 2500 1583
1584 0 1584 2500
0 1584 2500 1584
1585 0 1585 2500
0 1585 2500 1585
1586 0 1586 2500
0 1586 2500 1586
1587 0 1587 2500
0 1587 2500 1587
1588 0 1588 2500
0 1588 2500 1588
1589 0 1589 2500
0 1589 2500 1589
1590 0 1590 2500
0 1590 2500 1590
1591 0 1591 2500
0 1591 2500 1591
1592 0 1592 2500
0 1592 2500 1592
1593 0 1593 2500
0 1593 2500 1593
1594 0 1594 2500
0 1594 2500 1594
1595 0 1595 2500
0 1595 2500 1595
1596 0 1596 2500
0 1596 2500 1596
1597 0 1597 2500
0 1597 2500 1597
1598 0 1598 2500
0 1598 2500 1598
1599 0 1599 2500
0 1599 2500 1599
1600 0 1600 2500
0 1600 2500 1600
1601 0 1601 2500
0 1601 2500 1601
1602 0 1602 2500
0 1602 2500 1602
1603 0 1603 2500
0 1603 2500 1603
1604 0 1604 2500
0 1604 2500 1604
1605 0 1605 2500
0 1605 2500 1605
1606 0 1606 2500
0 1606 2500 1606
1607 0 1607 2500
0 1607 2500 1607
1608 0 1608 2500
0 1608 2500 1608
1609 0 1609 2500
0 1609 2500 1609
1610 0 1610 2500
0 1610 2500 1610
1611 0 1611 2500
0 1611 2500 1611
1612 0 1612 2500
0 1612 2500 1612
1613 0 1613 2500
0 1613 2500 1613
1614 0 1614 2500
0 1614 2500 1614
1615 0 1615 2500
0 1615 2500 1615
1616 0 1616 2500
0 1616 2500 1616
1617 0 1617 2500
0 1617 2500 1617
1618 0 1618 2500
0 1618 2500 1618
1619 0 1619 2500
0 1619 2500 1619
1620 0 1620 2500
0 1620 2500 1620
1621 0 1621 2500
0 1621 2500 1621
1622 0 1622 2500
0 1622 2500 1622
1623 0 1623 2500
0 1623 2500 1623
1624 0 1624 2500
0 1624 2500 1624
1625 0 1625 2500
0 1625 2500 1625
1626 0 1626 2500
0 1626 2500 1626
1627 0 1627 2500
0 1627 2500 1627
1628 0 1628 2500
0 1628 2500 1628
1629 0 1629 2500
0 1629 2500 1629
1630 0 1630 2500
0 1630 2500 1630
1631 0 1631 2500
0 1631 2500 1631
1632 0 1632 2500
0 1632 2500 1632
1633 0 1633 2500
0 1633 2500 1633
1634 0 1634 2500
0 1634 2500 1634
1635 0 1635 2500
0 1635 2500 1635
1636 0 1636 2500
0 1636 2500 1636
1637 0 1637 2500
0 1637 2500 1637
1638 0 1638 2500
0 1638 2500 1638
1639 0 1639 2500
0 1639 2500 1639
1640 0 1640 2500
0 1640 2500 1640
1641 0 1641 2500
0 1641 2500 1641
1642 0 1642 2500
0 1642 2500 1642
1643 0 1643 2500
0 1643 2500 1643
1644 0 1644 2500
0 1644 2500 1644
1645 0 1645 2500
0 1645 2500 1645
1646 0 1646 2500
0 1646 2500 1646
1647 0 1647 2500
0 1647 2500 1647
1648 0 1648 2500
0 1648 2500 1648
1649 0 1649 2500
0 1649 2500 1649
1650 0 1650 2500
0 1650 2500 1650
1651 0 1651 2500
0 1651 2500 1651
1652 0 1652 2500
0 1652 2500 1652
1653 0 1653 2500
0 1653 2500 1653
1654 0 1654 2500
0 1654 2500 1654
1655 0 1655 2500
0 1655 2500 1655
1656 0 1656 2500
0 1656 2500 1656
1657 0 1657 2500
0 1657 2500 1657
1658 0 1658 2500
0 1658 2500 1658
1659 0 1659 2500
0 1659 2500 1659
1660 0 1660 2500
0 1660 2500 1660
1661 0 1661 2500
0 1661 2500 1661
1662 0 1662 2500
0 1662 2500 1662
1663 0 1663 2500
0 1663 2500 1663
1664 0 1664 2500
0 1664 2500 1664
1665 0 1665 2500
0 1665 2500 1665
1666 0 1666 2500
0 1666 2500 1666
1667 0 1667 2500
0 1667 2500 1667
1668 0 1668 2500
0 1668 2500 1668
1669 0 1669 2500
0 1669 2500 1669
1670 0 1670 2500
0 1670 2500 1670
1671 0 1671 2500
0 1671 2500 1671
1672 0 1672 2500
0 1672 2500 1672
1673 0 1673 2500
0 1673 2500 1673
1674 0 1674 2500
0 1674 2500 1674
1675 0 1675 2500
0 1675 2500 1675
1676 0 1676 2500
0 1676 2500 1676
1677 0 1677 2500
0 1677 2500 1677
1678 0 1678 2500
0 1678 2500 1678
1679 0 1679 2500
0 1679 2500 1679
1680 0 1680 2500
0 1680 2500 1680
1681 0 1681 2500
0 1681 2500 1681
1682 0 1682 2500
0 1682 2500 1682
1683 0 1683 2500
0 1683 2500 1683
1684 0 1684 2500
0 1684 2500 1684
1685 0 1685 2500
0 1685 2500 1685
1686 0 1686 2500
0 1686 2500 1686
1687 0 1687 2500
0 1687 2500 1687
1688 0 1688 2500
0 1688 2500 1688
1689 0 1689 2500
0 1689 2500 1689
1690 0 1690 2500
0 1690 2500 1690
1691 0 1691 2500
0 1691 2500 1691
1692 0 1692 2500
0 1692 2500 1692
1693 0 1693 2500
0 1693 2500 1693
1694 0 1694 2500
0 1694 2500 1694
1695 0 1695 2500
0 1695 2500 1695
1696 0 1696 2500
0 1696 2500 1696
1697 0 1697 2500
0 1697 2500 1697
1698 0 1698 2500
0 1698 2500 1698
1699 0 1699 2500
0 1699 2500 1699
1700 0 1700 2500
0 1700 2500 1700
1701 0 1701 2500
0 1701 2500 1701
1702 0 1702 2500
0 1702 2500 1702
1703 0 1703 2500
0 1703 2500 1703
1704 0 1704 2500
0 1704 2500 1704
1705 0 1705 2500
0 1705 2500 1705
1706 0 1706 2500
0 1706 2500 1706
1707 0 1707 2500
0 1707 2500 1707
1708 0 1708 2500
0 1708 2500 1708
1709 0 1709 2500
0 1709 2500 1709
1710 0 1710 2500
0 1710 2500 1710
1711 0 1711 2500
0 1711 2500 1711
1712 0 1712 2500
0 1712 2500 1712
1713 0 1713 2500
0 1713 2500 1713
1714 0 1714 2500
0 1714 2500 1714
1715 0 1715 2500
0 1715 2500 1715
1716 0 1716 2500
0 1716 2500 1716
1717 0 1717 2500
0 1717 2500 1717
1718 0 1718 2500
0 1718 2500 1718
1719 0 1719 2500
0 1719 2500 1719
1720 0 1720 2500
0 1720 2500 1720
1721 0 1721 2500
0 1721 2500 1721
1722 0 1722 2500
0 1722 2500 1722
1723 0 1723 2500
0 1723 2500 1723
1724 0 1724 2500
0 1724 2500 1724
1725 0 1725 2500
0 1725 2500 1725
1726 0 1726 2500
0 1726 2500 1726
1727 0 1727 2500
0 1727 2500 1727
1728 0 1728 2500
0 1728 2500 1728
1729 0 1729 2500
0 1729 2500 1729
1730 0 1730 2500
0 1730 2500 1730
1731 0 1731 2500
0 1731 2500 1731
1732 0 1732 2500
0 1732 2500 1732
1733 0 1733 2500
0 1733 2500 1733
1734 0 1734 2500
0 1734 2500 1734
1735 0 1735 2500
0 1735 2500 1735
1736 0 1736 2500
0 1736 2500 1736
1737 0 1737 2500
0 1737 2500 1737
1738 0 1738 2500
0 1738 2500 1738
1739 0 1739 2500
0 1739 2500 1739
1740 0 1740 2500
0 1740 2500 1740
1741 0 1741 2500
0 1741 2500 1741
1742 0 1742 2500
0 1742 2500 1742
1743 0 1743 2500
0 1743 2500 1743
1744 0 1744 2500
0 1744 2500 1744
1745 0 1745 2500
0 1745 2500 1745
1746 0 1746 2500
0 1746 2500 1746
1747 0 1747 2500
0 1747 2500 1747
1748 0 1748 2500
0 1748 2500 1748
1749 0 1749 2500
0 1749 2500 1749
1750 0 1750 2500
0 1750 2500 1750
1751 0 1751 2500
0 1751 2500 1751
1752 0 1752 2500
0 1752 2500 1752
1753 0 1753 2500
0 1753 2500 1753
1754 0 1754 2500
0 1754 2500 1754
1755 0 1755 2500
0 1755 2500 1755
1756 0 1756 2500
0 1756 2500 1756
1757 0 1757 2500
0 1757 2500 1757
1758 0 1758 2500
0 1758 2500 1758
1759 0 1759 2500
0 1759 2500 1759
1760 0 1760 2500
0 1760 2500 1760
1761 0 1761 2500
0 1761 2500 1761
1762 0 1762 2500
0 1762 2500 1762
1763 0 1763 2500
0 1763 2500 1763
1764 0 1764 2500
0 1764 2500 1764
1765 0 1765 2500
0 1765 2500 1765
1766 0 1766 2500
0 1766 2500 1766
1767 0 1767 2500
0 1767 2500 1767
1768 0 1768 2500
0 1768 2500 1768
1769 0 1769 2500
0 1769 2500 1769
1770 0 1770 2500
0 1770 2500 1770
1771 0 1771 2500
0 1771 2500 1771
1772 0 1772 2500
0 1772 2500 1772
1773 0 1773 2500
0 1773 2500 1773
1774 0 1774 2500
0 1774 2500 1774
1775 0 1775 2500
0 1775 2500 1775
1776 0 1776 2500
0 1776 2500 1776
1777 0 1777 2500
0 1777 2500 1777
1778 0 1778 2500
0 1778 2500 1778
1779 0 1779 2500
0 1779 2500 1779
1780 0 1780 2500
0 1780 2500 1780
1781 0 1781 2500
0 1781 2500 1781
1782 0 1782 2500
0 1782 2500 1782
1783 0 1783 2500
0 1783 2500 1783
1784 0 1784 2500
0 1784 2500 1784
1785 0 1785 2500
0 1785 2500 1785
1786 0 1786 2500
0 1786 2500 1786
1787 0 1787 2500
0 1787 2500 1787
1788 0 1788 2500
0 1788 2500 1788
1789 0 1789 2500
0 1789 2500 1789
1790 0 1790 2500
0 1790 2500 1790
1791 0 1791 2500
0 1791 2500 1791
1792 0 1792 2500
0 1792 2500 1792
1793 0 1793 2500
0 1793 2500 1793
1794 0 1794 2500
0 1794 2500 1794
1795 0 1795 2500
0 1795 2500 1795
1796 0 1796 2500
0 1796 2500 1796
1797 0 1797 2500
0 1797 2500 1797
1798 0 1798 2500
0 1798 2500 1798
1799 0 1799 2500
0 1799 2500 1799
1800 0 1800 2500
0 1800 2500 1800
1801 0 1801 2500
0 1801 2500 1801
1802 0 1802 2500
0 1802 2500 1802
1803 0 1803 2500
0 1803 2500 1803
1804 0 1804 2500
0 1804 2500 1804
1805 0 1805 2500
0 1805 2500 1805
1806 0 1806 2500
0 1806 2500 1806
1807 0 1807 2500
0 1807 2500 1807
1808 0 1808 2500
0 1808 2500 1808
1809 0 1809 2500
0 1809 2500 1809
1810 0 1810 2500
0 1810 2500 1810
1811 0 1811 2500
0 1811 2500 1811
1812 0 1812 2500
0 1812 2500 1812
1813 0 1813 2500
0 1813 2500 1813
1814 0 1814 2500
0 1814 2500 1814
1815 0 1815 2500
0 1815 2500 1815
1816 0 1816 2500
0 1816 2500 1816
1817 0 1817 2500
0 1817 2500 1817
1818 0 1818 2500
0 1818 2500 1818
1819 0 1819 2500
0 1819 2500 1819
1820 0 1820 2500
0 1820 2500 1820
1821 0 1821 2500
0 1821 2500 1821
1822 0 1822 2500
0 1822 2500 1822
1823 0 1823 2500
0 1823 2500 1823
1824 0 1824 2500
0 1824 2500 1824
1825 0 1825 2500
0 1825 2500 1825
1826 0 1826 2500
0 1826 2500 1826
1827 0 1827 2500
0 1827 2500 1827
1828 0 1828 2500
0 1828 2500 1828
1829 0 1829 2500
0 1829 2500 1829
1830 0 1830 2500
0 1830 2500 1830
1831 0 1831 2500
0 1831 2500 1831
1832 0 1832 2500
0 1832 2500 1832
1833 0 1833 2500
0 1833 2500 1833
1834 0 1834 2500
0 1834 2500 1834
1835 0 1835 2500
0 1835 2500 1835
1836 0 1836 2500
0 1836 2500 1836
1837 0 1837 2500
0 1837 2500 1837
1838 0 1838 2500
0 1838 2500 1838
1839 0 1839 2500
0 1839 2500 1839
1840 0 1840 2500
0 1840 2500 1840
1841 0 1841 2500
0 1841 2500 1841
1842 0 1842 2500
0 1842 2500 1842
1843 0 1843 2500
0 1843 2500 1843
1844 0 1844 2500
0 1844 2500 1844
1845 0 1845 2500
0 1845 2500 1845
1846 0 1846 2500
0 1846 2500 1846
1847 0 1847 2500
0 1847 2500 1847
1848 0 1848 2500
0 1848 2500 1848
1849 0 1849 2500
0 1849 2500 1849
1850 0 1850 2500
0 1850 2500 1850
1851 0 1851 2500
0 1851 2500 1851
1852 0 1852 2500
0 1852 2500 1852
1853 0 1853 2500
0 1853 2500 1853
1854 0 1854 2500
0 1854 2500 1854
1855 0 1855 2500
0 1855 2500 1855
1856 0 1856 2500
0 1856 2500 1856
1857 0 1857 2500
0 1857 2500 1857
1858 0 1858 2500
0 1858 2500 1858
1859 0 1859 2500
0 1859 2500 1859
1860 0 1860 2500
0 1860 2500 1860
1861 0 1861 2500
0 1861 2500 1861
1862 0 1862 2500
0 1862 2500 1862
1863 0 1863 2500
0 1863 2500 1863
1864 0 1864 2500
0 1864 2500 1864
1865 0 1865 2500
0 1865 2500 1865
1866 0 1866 2500
0 1866 2500 1866
1867 0 1867 2500
0 1867 2500 1867
1868 0 1868 2500
0 1868 2500 1868
1869 0 1869 2500
0 1869 2500 1869
1870 0 1870 2500
0 1870 2500 1870
1871 0 1871 2500
0 1871 2500 1871
1872 0 1872 2500
0 1872 2500 1872
1873 0 1873 2500
0 1873 2500 1873
1874 0 1874 2500
0 1874 2500 1874
1875 0 1875 2500
0 1875 2500 1875
1876 0 1876 2500
0 1876 2500 1876
1877 0 1877 2500
0 1877 2500 1877
1878 0 1878 2500
0 1878 2500 1878
1879 0 1879 2500
0 1879 2500 1879
1880 0 1880 2500
0 1880 2500 1880
1881 0 1881 2500
0 1881 2500 1881
1882 0 1882 2500
0 1882 2500 1882
1883 0 1883 2500
0 1883 2500 1883
1884 0 1884 2500
0 1884 2500 1884
1885 0 1885 2500
0 1885 2500 1885
1886 0 1886 2500
0 1886 2500 1886
1887 0 1887 2500
0 1887 2500 1887
1888 0 1888 2500
0 1888 2500 1888
1889 0 1889 2500
0 1889 2500 1889
1890 0 1890 2500
0 1890 2500 1890
1891 0 1891 2500
0 1891 2500 1891
1892 0 1892 2500
0 1892 2500 1892
1893 0 1893 2500
0 1893 2500 1893
1894 0 1894 2500
0 1894 2500 1894
1895 0 1895 2500
0 1895 2500 1895
1896 0 1896 2500
0 1896 2500 1896
1897 0 1897 2500
0 1897 2500 1897
1898 0 1898 2500
0 1898 2500 1898
1899 0 1899 2500
0 1899 2500 1899
1900 0 1900 2500
0 1900 2500 1900
1901 0 1901 2500
0 1901 2500 1901
1902 0 1902 2500
0 1902 2500 1902
1903 0 1903 2500
0 1903 2500 1903
1904 0 1904 2500
0 1904 2500 1904
1905 0 1905 2500
0 1905 2500 1905
1906 0 1906 2500
0 1906 2500 1906
1907 0 1907 2500
0 1907 2500 1907
1908 0 1908 2500
0 1908 2500 1908
1909 0 1909 2500
0 1909 2500 1909
1910 0 1910 2500
0 1910 2500 1910
1911 0 1911 2500
0 1911 2500 1911
1912 0 1912 2500
0 1912 2500 1912
1913 0 1913 2500
0 1913 2500 1913
1914 0 1914 2500
0 1914 2500 1914
1915 0 1915 2500
0 1915 2500 1915
1916 0 1916 2500
0 1916 2500 1916
1917 0 1917 2500
0 1917 2500 1917
1918 0 1918 2500
0 1918 2500 1918
1919 0 1919 2500
0 1919 2500 1919
1920 0 1920 2500
0 1920 2500 1920
1921 0 1921 2500
0 1921 2500 1921
1922 0 1922 2500
0 1922 2500 1922
1923 0 1923 2500
0 1923 2500 1923
1924 0 1924 2500
0 1924 2500 1924
1925 0 1925 2500
0 1925 2500 1925
1926 0 1926 2500
0 1926 2500 1926
1927 0 1927 2500
0 1927 2500 1927
1928 0 1928 2500
0 1928 2500 1928
1929 0 1929 2500
0 1929 2500 1929
1930 0 1930 2500
0 1930 2500 1930
1931 0 1931 2500
0 1931 2500 1931
1932 0 1932 2500
0 1932 2500 1932
1933 0 1933 2500
0 1933 2500 1933
1934 0 1934 2500
0 1934 2500 1934
1935 0 1935 2500
0 1935 2500 1935
1936 0 1936 2500
0 1936 2500 1936
1937 0 1937 2500
0 1937 2500 1937
1938 0 1938 2500
0 1938 2500 1938
1939 0 1939 2500
0 1939 2500 1939
1940 0 1940 2500
0 1940 2500 1940
1941 0 1941 2500
0 1941 2500 1941
1942 0 1942 2500
0 1942 2500 1942
1943 0 1943 2500
0 1943 2500 1943
1944 0 1944 2500
0 1944 2500 1944
1945 0 1945 2500
0 1945 2500 1945
1946 0 1946 2500
0 1946 2500 1946
1947 0 1947 2500
0 1947 2500 1947
1948 0 1948 2500
0 1948 2500 1948
1949 0 1949 2500
0 1949 2500 1949
1950 0 1950 2500
0 1950 2500 1950
1951 0 1951 2500
0 1951 2500 1951
1952 0 1952 2500
0 1952 2500 1952
1953 0 1953 2500
0 1953 2500 1953
1954 0 1954 2500
0 1954 2500 1954
1955 0 1955 2500
0 1955 2500 1955
1956 0 1956 2500
0 1956 2500 1956
1957 0 1957 2500
0 1957 2500 1957
1958 0 1958 2500
0 1958 2500 1958
1959 0 1959 2500
0 1959 2500 1959
1960 0 1960 2500
0 1960 2500 1960
1961 0 1961 2500
0 1961 2500 1961
1962 0 1962 2500
0 1962 2500 1962
1963 0 1963 2500
0 1963 2500 1963
1964 0 1964 2500
0 1964 2500 1964
1965 0 1965 2500
0 1965 2500 1965
1966 0 1966 2500
0 1966 2500 1966
1967 0 1967 2500
0 1967 2500 1967
1968 0 1968 2500
0 1968 2500 1968
1969 0 1969 2500
0 1969 2500 1969
1970 0 1970 2500
0 1970 2500 1970
1971 0 1971 2500
0 1971 2500 1971
1972 0 1972 2500
0 1972 2500 1972
1973 0 1973 2500
0 1973 2500 1973
1974 0 1974 2500
0 1974 2500 1974
1975 0 1975 2500
0 1975 2500 1975
1976 0 1976 2500
0 1976 2500 1976
1977 0 1977 2500
0 1977 2500 1977
1978 0 1978 2500
0 1978 2500 1978
1979 0 1979 2500
0 1979 2500 1979
1980 0 1980 2500
0 1980 2500 1980
1981 0 1981 2500
0 1981 2500 1981
1982 0 1982 2500
0 1982 2500 1982
1983 0 1983 2500
0 1983 2500 1983
1984 0 1984 2500
0 1984 2500 1984
1985 0 1985 2500
0 1985 2500 1985
1986 0 1986 2500
0 1986 2500 1986
1987 0 1987 2500
0 1987 2500 1987
1988 0 1988 2500
0 1988 2500 1988
1989 0 1989 2500
0 1989 2500 1989
1990 0 1990 2500
0 1990 2500 1990
1991 0 1991 2500
0 1991 2500 1991
1992 0 1992 2500
0 1992 2500 1992
1993 0 1993 2500
0 1993 2500 1993
1994 0 1994 2500
0 1994 2500 1994
1995 0 1995 2500
0 1995 2500 1995
1996 0 1996 2500
0 1996 2500 1996
1997 0 1997 2500
0 1997 2500 1997
1998 0 1998 2500
0 1998 2500 1998
1999 0 1999 2500
0 1999 2500 1999
2000 0 2000 2500
0 2000 2500 2000
2001 0 2001 2500
0 2001 2500 2001
2002 0 2002 2500
0 2002 2500 2002
2003 0 2003 2500
0 2003 2500 2003
2004 0 2004 2500
0 2004 2500 2004
2005 0 2005 2500
0 2005 2500 2005
2006 0 2006 2500
0 2006 2500 2006
2007 0 2007 2500
0 2007 2500 2007
2008 0 2008 2500
0 2008 2500 2008
2009 0 2009 2500
0 2009 2500 2009
2010 0 2010 2500
0 2010 2500 2010
2011 0 2011 2500
0 2011 2500 2011
2012 0 2012 2500
0 2012 2500 2012
2013 0 2013 2500
0 2013 2500 2013
2014 0 2014 2500
0 2014 2500 2014
2015 0 2015 2500
0 2015 2500 2015
2016 0 2016 2500
0 2016 2500 2016
2017 0 2017 2500
0 2017 2500 2017
2018 0 2018 2500
0 2018 2500 2018
2019 0 2019 2500
0 2019 2500 2019
2020 0 2020 2500
0 2020 2500 2020
2021 0 2021 2500
0 2021 2500 2021
2022 0 2022 2500
0 2022 2500 2022
2023 0 2023 2500
0 2023 2500 2023
2024 0 2024 2500
0 2024 2500 2024
2025 0 2025 2500
0 2025 2500 2025
2026 0 2026 2500
0 2026 2500 2026
2027 0 2027 2500
0 2027 2500 2027
2028 0 2028 2500
0 2028 2500 2028
2029 0 2029 2500
0 2029 2500 2029
2030 0 2030 2500
0 2030 2500 2030
2031 0 2031 2500
0 2031 2500 2031
2032 0 2032 2500
0 2032 2500 2032
2033 0 2033 2500
0 2033 2500 2033
2034 0 2034 2500
0 2034 2500 2034
2035 0 2035 2500
0 2035 2500 2035
2036 0 2036 2500
0 2036 2500 2036
2037 0 2037 2500
0 2037 2500 2037
2038 0 2038 2500
0 2038 2500 2038
2039 0 2039 2500
0 2039 2500 2039
2040 0 2040 2500
0 2040 2500 2040
2041 0 2041 2500
0 2041 2500 2041
2042 0 2042 2500
0 2042 2500 2042
2043 0 2043 2500
0 2043 2500 2043
2044 0 2044 2500
0 2044 2500 2044
2045 0 2045 2500
0 2045 2500 2045
2046 0 2046 2500
0 2046 2500 2046
2047 0 2047 2500
0 2047 2500 2047
2048 0 2048 2500
0 2048 2500 2048
2049 0 2049 2500
0 2049 2500 2049
2050 0 2050 2500
0 2050 2500 2050
2051 0 2051 2500
0 2051 2500 2051
2052 0 2052 2500
0 2052 2500 2052
2053 0 2053 2500
0 2053 2500 2053
2054 0 2054 2500
0 2054 2500 2054
2055 0 2055 2500
0 2055 2500 2055
2056 0 2056 2500
0 2056 2500 2056
2057 0 2057 2500
0 2057 2500 2057
2058 0 2058 2500
0 2058 2500 2058
2059 0 2059 2500
0 2059 2500 2059
2060 0 2060 2500
0 2060 2500 2060
2061 0 2061 2500
0 2061 2500 2061
2062 0 2062 2500
0 2062 2500 2062
2063 0 2063 2500
0 2063 2500 2063
2064 0 2064 2500
0 2064 2500 2064
2065 0 2065 2500
0 2065 2500 2065
2066 0 2066 2500
0 2066 2500 2066
2067 0 2067 2500
0 2067 2500 2067
2068 0 2068 2500
0 2068 2500 2068
2069 0 2069 2500
0 2069 2500 2069
2070 0 2070 2500
0 2070 2500 2070
2071 0 2071 2500
0 2071 2500 2071
2072 0 2072 2500
0 2072 2500 2072
2073 0 2073 2500
0 2073 2500 2073
2074 0 2074 2500
0 2074 2500 2074
2075 0 2075 2500
0 2075 2500 2075
2076 0 2076 2500
0 2076 2500 2076
2077 0 2077 2500
0 2077 2500 2077
2078 0 2078 2500
0 2078 2500 2078
2079 0 2079 2500
0 2079 2500 2079
2080 0 2080 2500
0 2080 2500 2080
2081 0 2081 2500
0 2081 2500 2081
2082 0 2082 2500
0 2082 2500 2082
2083 0 2083 2500
0 2083 2500 2083
2084 0 2084 2500
0 2084 2500 2084
2085 0 2085 2500
0 2085 2500 2085
2086 0 2086 2500
0 2086 2500 2086
2087 0 2087 2500
0 2087 2500 2087
2088 0 2088 2500
0 2088 2500 2088
2089 0 2089 2500
0 2089 2500 2089
2090 0 2090 2500
0 2090 2500 2090
2091 0 2091 2500
0 2091 2500 2091
2092 0 2092 2500
0 2092 2500 2092
2093 0 2093 2500
0 2093 2500 2093
2094 0 2094 2500
0 2094 2500 2094
2095 0 2095 2500
0 2095 2500 2095
2096 0 2096 2500
0 2096 2500 2096
2097 0 2097 2500
0 2097 2500 2097
2098 0 2098 2500
0 2098 2500 2098
2099 0 2099 2500
0 2099 2500 2099
2100 0 2100 2500
0 2100 2500 2100
2101 0 2101 2500
0 2101 2500 2101
2102 0 2102 2500
0 2102 2500 2102
2103 0 2103 2500
0 2103 2500 2103
2104 0 2104 2500
0 2104 2500 2104
2105 0 2105 2500
0 2105 2500 2105
2106 0 2106 2500
0 2106 2500 2106
2107 0 2107 2500
0 2107 2500 2107
2108 0 2108 2500
0 2108 2500 2108
2109 0 2109 2500
0 2109 2500 2109
2110 0 2110 2500
0 2110 2500 2110
2111 0 2111 2500
0 2111 2500 2111
2112 0 2112 2500
0 2112 2500 2112
2113 0 2113 2500
0 2113 2500 2113
2114 0 2114 2500
0 2114 2500 2114
2115 0 2115 2500
0 2115 2500 2115
2116 0 2116 2500
0 2116 2500 2116
2117 0 2117 2500
0 2117 2500 2117
2118 0 2118 2500
0 2118 2500 2118
2119 0 2119 2500
0 2119 2500 2119
2120 0 2120 2500
0 2120 2500 2120
2121 0 2121 2500
0 2121 2500 2121
2122 0 2122 2500
0 2122 2500 2122
2123 0 2123 2500
0 2123 2500 2123
2124 0 2124 2500
0 2124 2500 2124
2125 0 2125 2500
0 2125 2500 2125
2126 0 2126 2500
0 2126 2500 2126
2127 0 2127 2500
0 2127 2500 2127
2128 0 2128 2500
0 2128 2500 2128
2129 0 2129 2500
0 2129 2500 2129
2130 0 2130 2500
0 2130 2500 2130
2131 0 2131 2500
0 2131 2500 2131
2132 0 2132 2500
0 2132 2500 2132
2133 0 2133 2500
0 2133 2500 2133
2134 0 2134 2500
0 2134 2500 2134
2135 0 2135 2500
0 2135 2500 2135
2136 0 2136 2500
0 2136 2500 2136
2137 0 2137 2500
0 2137 2500 2137
2138 0 2138 2500
0 2138 2500 2138
2139 0 2139 2500
0 2139 2500 2139
2140 0 2140 2500
0 2140 2500 2140
2141 0 2141 2500
0 2141 2500 2141
2142 0 2142 2500
0 2142 2500 2142
2143 0 2143 2500
0 2143 2500 2143
2144 0 2144 2500
0 2144 2500 2144
2145 0 2145 2500
0 2145 2500 2145
2146 0 2146 2500
0 2146 2500 2146
2147 0 2147 2500
0 2147 2500 2147
2148 0 2148 2500
0 2148 2500 2148
2149 0 2149 2500
0 2149 2500 2149
2150 0 2150 2500
0 2150 2500 2150
2151 0 2151 2500
0 2151 2500 2151
2152 0 2152 2500
0 2152 2500 2152
2153 0 2153 2500
0 2153 2500 2153
2154 0 2154 2500
0 2154 2500 2154
2155 0 2155 2500
0 2155 2500 2155
2156 0 2156 2500
0 2156 2500 2156
2157 0 2157 2500
0 2157 2500 2157
2158 0 2158 2500
0 2158 2500 2158
2159 0 2159 2500
0 2159 2500 2159
2160 0 2160 2500
0 2160 2500 2160
2161 0 2161 2500
0 2161 2500 2161
2162 0 2162 2500
0 2162 2500 2162
2163 0 2163 2500
0 2163 2500 2163
2164 0 2164 2500
0 2164 2500 2164
2165 0 2165 2500
0 2165 2500 2165
2166 0 2166 2500
0 2166 2500 2166
2167 0 2167 2500
0 2167 2500 2167
2168 0 2168 2500
0 2168 2500 2168
2169 0 2169 2500
0 2169 2500 2169
2170 0 2170 2500
0 2170 2500 2170
2171 0 2171 2500
0 2171 2500 2171
2172 0 2172 2500
0 2172 2500 2172
2173 0 2173 2500
0 2173 2500 2173
2174 0 2174 2500
0 2174 2500 2174
2175 0 2175 2500
0 2175 2500 2175
2176 0 2176 2500
0 2176 2500 2176
2177 0 2177 2500
0 2177 2500 2177
2178 0 2178 2500
0 2178 2500 2178
2179 0 2179 2500
0 2179 2500 2179
2180 0 2180 2500
0 2180 2500 2180
2181 0 2181 2500
0 2181 2500 2181
2182 0 2182 2500
0 2182 2500 2182
2183 0 2183 2500
0 2183 2500 2183
2184 0 2184 2500
0 2184 2500 2184
2185 0 2185 2500
0 2185 2500 2185
2186 0 2186 2500
0 2186 2500 2186
2187 0 2187 2500
0 2187 2500 2187
2188 0 2188 2500
0 2188 2500 2188
2189 0 2189 2500
0 2189 2500 2189
2190 0 2190 2500
0 2190 2500 2190
2191 0 2191 2500
0 2191 2500 2191
2192 0 2192 2500
0 2192 2500 2192
2193 0 2193 2500
0 2193 2500 2193
2194 0 2194 2500
0 2194 2500 2194
2195 0 2195 2500
0 2195 2500 2195
2196 0 2196 2500
0 2196 2500 2196
2197 0 2197 2500
0 2197 2500 2197
2198 0 2198 2500
0 2198 2500 2198
2199 0 2199 2500
0 2199 2500 2199
2200 0 2200 2500
0 2200 2500 2200
2201 0 2201 2500
0 2201 2500 2201
2202 0 2202 2500
0 2202 2500 2202
2203 0 2203 2500
0 2203 2500 2203
2204 0 2204 2500
0 2204 2500 2204
2205 0 2205 2500
0 2205 2500 2205
2206 0 2206 2500
0 2206 2500 2206
2207 0 2207 2500
0 2207 2500 2207
2208 0 2208 2500
0 2208 2500 2208
2209 0 2209 2500
0 2209 2500 2209
2210 0 2210 2500
0 2210 2500 2210
2211 0 2211 2500
0 2211 2500 2211
2212 0 2212 2500
0 2212 2500 2212
2213 0 2213 2500
0 2213 2500 2213
2214 0 2214 2500
0 2214 2500 2214
2215 0 2215 2500
0 2215 2500 2215
2216 0 2216 2500
0 2216 2500 2216
2217 0 2217 2500
0 2217 2500 2217
2218 0 2218 2500
0 2218 2500 2218
2219 0 2219 2500
0 2219 2500 2219
2220 0 2220 2500
0 2220 2500 2220
2221 0 2221 2500
0 2221 2500 2221
2222 0 2222 2500
0 2222 2500 2222
2223 0 2223 2500
0 2223 2500 2223
2224 0 2224 2500
0 2224 2500 2224
2225 0 2225 2500
0 2225 2500 2225
2226 0 2226 2500
0 2226 2500 2226
2227 0 2227 2500
0 2227 2500 2227
2228 0 2228 2500
0 2228 2500 2228
2229 0 2229 2500
0 2229 2500 2229
2230 0 2230 2500
0 2230 2500 2230
2231 0 2231 2500
0 2231 2500 2231
2232 0 2232 2500
0 2232 2500 2232
2233 0 2233 2500
0 2233 2500 2233
2234 0 2234 2500
0 2234 2500 2234
2235 0 2235 2500
0 2235 2500 2235
2236 0 2236 2500
0 2236 2500 2236
2237 0 2237 2500
0 2237 2500 2237
2238 0 2238 2500
0 2238 2500 2238
2239 0 2239 2500
0 2239 2500 2239
2240 0 2240 2500
0 2240 2500 2240
2241 0 2241 2500
0 2241 2500 2241
2242 0 2242 2500
0 2242 2500 2242
2243 0 2243 2500
0 2243 2500 2243
2244 0 2244 2500
0 2244 2500 2244
2245 0 2245 2500
0 2245 2500 2245
2246 0 2246 2500
0 2246 2500 2246
2247 0 2247 2500
0 2247 2500 2247
2248 0 2248 2500
0 2248 2500 2248
2249 0 2249 2500
0 2249 2500 2249
2250 0 2250 2500
0 2250 2500 2250
2251 0 2251 2500
0 2251 2500 2251
2252 0 2252 2500
0 2252 2500 2252
2253 0 2253 2500
0 2253 2500 2253
2254 0 2254 2500
0 2254 2500 2254
2255 0 2255 2500
0 2255 2500 2255
2256 0 2256 2500
0 2256 2500 2256
2257 0 2257 2500
0 2257 2500 2257
2258 0 2258 2500
0 2258 2500 2258
2259 0 2259 2500
0 2259 2500 2259
2260 0 2260 2500
0 2260 2500 2260
2261 0 2261 2500
0 2261 2500 2261
2262 0 2262 2500
0 2262 2500 2262
2263 0 2263 2500
0 2263 2500 2263
2264 0 2264 2500
0 2264 2500 2264
2265 0 2265 2500
0 2265 2500 2265
2266 0 2266 2500
0 2266 2500 2266
2267 0 2267 2500
0 2267 2500 2267
2268 0 2268 2500
0 2268 2500 2268
2269 0 2269 2500
0 2269 2500 2269
2270 0 2270 2500
0 2270 2500 2270
2271 0 2271 2500
0 2271 2500 2271
2272 0 2272 2500
0 2272 2500 2272
2273 0 2273 2500
0 2273 2500 2273
2274 0 2274 2500
0 2274 2500 2274
2275 0 2275 2500
0 2275 2500 2275
2276 0 2276 2500
0 2276 2500 2276
2277 0 2277 2500
0 2277 2500 2277
2278 0 2278 2500
0 2278 2500 2278
2279 0 2279 2500
0 2279 2500 2279
2280 0 2280 2500
0 2280 2500 2280
2281 0 2281 2500
0 2281 2500 2281
2282 0 2282 2500
0 2282 2500 2282
2283 0 2283 2500
0 2283 2500 2283
2284 0 2284 2500
0 2284 2500 2284
2285 0 2285 2500
0 2285 2500 2285
2286 0 2286 2500
0 2286 2500 2286
2287 0 2287 2500
0 2287 2500 2287
2288 0 2288 2500
0 2288 2500 2288
2289 0 2289 2500
0 2289 2500 2289
2290 0 2290 2500
0 2290 2500 2290
2291 0 2291 2500
0 2291 2500 2291
2292 0 2292 2500
0 2292 2500 2292
2293 0 2293 2500
0 2293 2500 2293
2294 0 2294 2500
0 2294 2500 2294
2295 0 2295 2500
0 2295 2500 2295
2296 0 2296 2500
0 2296 2500 2296
2297 0 2297 2500
0 2297 2500 2297
2298 0 2298 2500
0 2298 2500 2298
2299 0 2299 2500
0 2299 2500 2299
2300 0 2300 2500
0 2300 2500 2300
2301 0 2301 2500
0 2301 2500 2301
2302 0 2302 2500
0 2302 2500 2302
2303 0 2303 2500
0 2303 2500 2303
2304 0 2304 2500
0 2304 2500 2304
2305 0 2305 2500
0 2305 2500 2305
2306 0 2306 2500
0 2306 2500 2306
2307 0 2307 2500
0 2307 2500 2307
2308 0 2308 2500
0 2308 2500 2308
2309 0 2309 2500
0 2309 2500 2309
2310 0 2310 2500
0 2310 2500 2310
2311 0 2311 2500
0 2311 2500 2311
2312 0 2312 2500
0 2312 2500 2312
2313 0 2313 2500
0 2313 2500 2313
2314 0 2314 2500
0 2314 2500 2314
2315 0 2315 2500
0 2315 2500 2315
2316 0 2316 2500
0 2316 2500 2316
2317 0 2317 2500
0 2317 2500 2317
2318 0 2318 2500
0 2318 2500 2318
2319 0 2319 2500
0 2319 2500 2319
2320 0 2320 2500
0 2320 2500 2320
2321 0 2321 2500
0 2321 2500 2321
2322 0 2322 2500
0 2322 2500 2322
2323 0 2323 2500
0 2323 2500 2323
2324 0 2324 2500
0 2324 2500 2324
2325 0 2325 2500
0 2325 2500 2325
2326 0 2326 2500
0 2326 2500 2326
2327 0 2327 2500
0 2327 2500 2327
2328 0 2328 2500
0 2328 2500 2328
2329 0 2329 2500
0 2329 2500 2329
2330 0 2330 2500
0 2330 2500 2330
2331 0 2331 2500
0 2331 2500 2331
2332 0 2332 2500
0 2332 2500 2332
2333 0 2333 2500
0 2333 2500 2333
2334 0 2334 2500
0 2334 2500 2334
2335 0 2335 2500
0 2335 2500 2335
2336 0 2336 2500
0 2336 2500 2336
2337 0 2337 2500
0 2337 2500 2337
2338 0 2338 2500
0 2338 2500 2338
2339 0 2339 2500
0 2339 2500 2339
2340 0 2340 2500
0 2340 2500 2340
2341 0 2341 2500
0 2341 2500 2341
2342 0 2342 2500
0 2342 2500 2342
2343 0 2343 2500
0 2343 2500 2343
2344 0 2344 2500
0 2344 2500 2344
2345 0 2345 2500
0 2345 2500 2345
2346 0 2346 2500
0 2346 2500 2346
2347 0 2347 2500
0 2347 2500 2347
2348 0 2348 2500
0 2348 2500 2348
2349 0 2349 2500
0 2349 2500 2349
2350 0 2350 2500
0 2350 2500 2350
2351 0 2351 2500
0 2351 2500 2351
2352 0 2352 2500
0 2352 2500 2352
2353 0 2353 2500
0 2353 2500 2353
2354 0 2354 2500
0 2354 2500 2354
2355 0 2355 2500
0 2355 2500 2355
2356 0 2356 2500
0 2356 2500 2356
2357 0 2357 2500
0 2357 2500 2357
2358 0 2358 2500
0 2358 2500 2358
2359 0 2359 2500
0 2359 2500 2359
2360 0 2360 2500
0 2360 2500 2360
2361 0 2361 2500
0 2361 2500 2361
2362 0 2362 2500
0 2362 2500 2362
2363 0 2363 2500
0 2363 2500 2363
2364 0 2364 2500
0 2364 2500 2364
2365 0 2365 2500
0 2365 2500 2365
2366 0 2366 2500
0 2366 2500 2366
2367 0 2367 2500
0 2367 2500 2367
2368 0 2368 2500
0 2368 2500 2368
2369 0 2369 2500
0 2369 2500 2369
2370 0 2370 2500
0 2370 2500 2370
2371 0 2371 2500
0 2371 2500 2371
2372 0 2372 2500
0 2372 2500 2372
2373 0 2373 2500
0 2373 2500 2373
2374 0 2374 2500
0 2374 2500 2374
2375 0 2375 2500
0 2375 2500 2375
2376 0 2376 2500
0 2376 2500 2376
2377 0 2377 2500
0 2377 2500 2377
2378 0 2378 2500
0 2378 2500 2378
2379 0 2379 2500
0 2379 2500 2379
2380 0 2380 2500
0 2380 2500 2380
2381 0 2381 2500
0 2381 2500 2381
2382 0 2382 2500
0 2382 2500 2382
2383 0 2383 2500
0 2383 2500 2383
2384 0 2384 2500
0 2384 2500 2384
2385 0 2385 2500
0 2385 2500 2385
2386 0 2386 2500
0 2386 2500 2386
2387 0 2387 2500
0 2387 2500 2387
2388 0 2388 2500
0 2388 2500 2388
2389 0 2389 2500
0 2389 2500 2389
2390 0 2390 2500
0 2390 2500 2390
2391 0 2391 2500
0 2391 2500 2391
2392 0 2392 2500
0 2392 2500 2392
2393 0 2393 2500
0 2393 2500 2393
2394 0 2394 2500
0 2394 2500 2394
2395 0 2395 2500
0 2395 2500 2395
2396 0 2396 2500
0 2396 2500 2396
2397 0 2397 2500
0 2397 2500 2397
2398 0 2398 2500
0 2398 2500 2398
2399 0 2399 2500
0 2399 2500 2399
2400 0 2400 2500
0 2400 2500 2400
2401 0 2401 2500
0 2401 2500 2401
2402 0 2402 2500
0 2402 2500 2402
2403 0 2403 2500
0 2403 2500 2403
2404 0 2404 2500
0 2404 2500 2404
2405 0 2405 2500
0 2405 2500 2405
2406 0 2406 2500
0 2406 2500 2406
2407 0 2407 2500
0 2407 2500 2407
2408 0 2408 2500
0 2408 2500 2408
2409 0 2409 2500
0 2409 2500 2409
2410 0 2410 2500
0 2410 2500 2410
2411 0 2411 2500
0 2411 2500 2411
2412 0 2412 2500
0 2412 2500 2412
2413 0 2413 2500
0 2413 2500 2413
2414 0 2414 2500
0 2414 2500 2414
2415 0 2415 2500
0 2415 2500 2415
2416 0 2416 2500
0 2416 2500 2416
2417 0 2417 2500
0 2417 2500 2417
2418 0 2418 2500
0 2418 2500 2418
2419 0 2419 2500
0 2419 2500 2419
2420 0 2420 2500
0 2420 2500 2420
2421 0 2421 2500
0 2421 2500 2421
2422 0 2422 2500
0 2422 2500 2422
2423 0 2423 2500
0 2423 2500 2423
2424 0 2424 2500
0 2424 2500 2424
2425 0 2425 2500
0 2425 2500 2425
2426 0 2426 2500
0 2426 2500 2426
2427 0 2427 2500
0 2427 2500 2427
2428 0 2428 2500
0 2428 2500 2428
2429 0 2429 2500
0 2429 2500 2429
2430 0 2430 2500
0 2430 2500 2430
2431 0 2431 2500
0 2431 2500 2431
2432 0 2432 2500
0 2432 2500 2432
2433 0 2433 2500
0 2433 2500 2433
2434 0 2434 2500
0 2434 2500 2434
2435 0 2435 2500
0 2435 2500 2435
2436 0 2436 2500
0 2436 2500 2436
2437 0 2437 2500
0 2437 2500 2437
2438 0 2438 2500
0 2438 2500 2438
2439 0 2439 2500
0 2439 2500 2439
2440 0 2440 2500
0 2440 2500 2440
2441 0 2441 2500
0 2441 2500 2441
2442 0 2442 2500
0 2442 2500 2442
2443 0 2443 2500
0 2443 2500 2443
2444 0 2444 2500
0 2444 2500 2444
2445 0 2445 2500
0 2445 2500 2445
2446 0 2446 2500
0 2446 2500 2446
2447 0 2447 2500
0 2447 2500 2447
2448 0 2448 2500
0 2448 2500 2448
2449 0 2449 2500
0 2449 2500 2449
2450 0 2450 2500
0 2450 2500 2450
2451 0 2451 2500
0 2451 2500 2451
2452 0 2452 2500
0 2452 2500 2452
2453 0 2453 2500
0 2453 2500 2453
2454 0 2454 2500
0 2454 2500 2454
2455 0 2455 2500
0 2455 2500 2455
2456 0 2456 2500
0 2456 2500 2456
2457 0 2457 2500
0 2457 2500 2457
2458 0 2458 2500
0 2458 2500 2458
2459 0 2459 2500
0 2459 2500 2459
2460 0 2460 2500
0 2460 2500 2460
2461 0 2461 2500
0 2461 2500 2461
2462 0 2462 2500
0 2462 2500 2462
2463 0 2463 2500
0 2463 2500 2463
2464 0 2464 2500
0 2464 2500 2464
2465 0 2465 2500
0 2465 2500 2465
2466 0 2466 2500
0 2466 2500 2466
2467 0 2467 2500
0 2467 2500 2467
2468 0 2468 2500
0 2468 2500 2468
2469 0 2469 2500
0 2469 2500 2469
2470 0 2470 2500
0 2470 2500 2470
2471 0 2471 2500
0 2471 2500 2471
2472 0 2472 2500
0 2472 2500 2472
2473 0 2473 2500
0 2473 2500 2473
2474 0 2474 2500
0 2474 2500 2474
2475 0 2475 2500
0 2475 2500 2475
2476 0 2476 2500
0 2476 2500 2476
2477 0 2477 2500
0 2477 2500 2477
2478 0 2478 2500
0 2478 2500 2478
2479 0 2479 2500
0 2479 2500 2479
2480 0 2480 2500
0 2480 2500 2480
2481 0 2481 2500
0 2481 2500 2481
2482 0 2482 2500
0 2482 2500 2482
2483 0 2483 2500
0 2483 2500 2483
2484 0 2484 2500
0 2484 2500 2484
2485 0 2485 2500
0 2485 2500 2485
2486 0 2486 2500
0 2486 2500 2486
2487 0 2487 2500
0 2487 2500 2487
2488 0 2488 2500
0 2488 2500 2488
2489 0 2489 2500
0 2489 2500 2489
2490 0 2490 2500
0 2490 2500 2490
2491 0 2491 2500
0 2491 2500 2491
2492 0 2492 2500
0 2492 2500 2492
2493 0 2493 2500
0 2493 2500 2493
2494 0 2494 2500
0 2494 2500 2494
2495 0 2495 2500
0 2495 2500 2495
2496 0 2496 2500
0 2496 2500 2496
2497 0 2497 2500
0 2497 2500 2497
2498 0 2498 2500
0 2498 2500 2498
2499 0 2499 2500
0 2499 2500 2499
